127
0 656 1556 1353 1661 991 418 1874 1397 1233 1276 1044 844 883 836 259 1476 2133 1612 1148 1561 1416 1402 1249 3322 2285 1774 3764 3793 1453 1628 4114 3528 1888 1166 1038 883 2320 2133 1724 1069 2320 1649 2167 2499 4153 3269 3536 3603 1050 1069 2091 3412 2065 3267 1982 1640 2625 3236 2678 2698 2865 9305 2708 5834 3396 2678 3603 5020 4537 4158 1870 2806 2738 4548 3507 2391 3382 2311 2480 4916 6809 6827 4698 7346 7489 7447 7631 6090 2349 2706 6406 4779 4518 4278 6705 5926 12004 7540 2139 11021 10723 2645 7007 591 883 9753 1094 6434 5852 6564 6149 3899 812 1100 2422 4111 3642 8622 820 1556 3641 4722 2346 5096 5911 6612 
656 0 1870 1996 1166 1612 844 2491 1945 1358 1801 1578 778 1281 1486 625 2133 2789 2252 1805 2216 2065 2029 1870 3602 2594 2207 3946 4080 1755 2117 4417 3778 1972 906 1038 883 2499 2231 1561 1297 2320 1713 1628 1913 3507 2650 2881 2964 676 418 1661 2767 1416 2786 1411 984 2706 3613 3036 2982 3185 9953 2767 5560 3045 3275 4248 5675 5180 4773 2509 3443 3388 5199 4153 3045 3995 2909 3045 5515 7378 7373 5301 7924 8070 8038 8229 6072 2691 2935 6406 4292 3863 3964 7341 5908 11977 7475 2189 11489 11238 2101 7315 1194 1512 9132 1740 7056 6422 5908 5502 3787 1358 998 2794 4698 2994 9278 1050 957 3856 4571 1860 5180 6493 6165 
1556 1870 0 1411 1972 1142 1142 1435 812 625 706 2228 1166 2303 1353 1816 1774 2207 1508 1616 1755 1526 1281 1183 4640 3624 2994 5173 5084 2872 2767 5374 4873 3412 2678 2594 2439 3777 3642 3275 2576 3861 3185 3482 3719 4666 3642 4203 4086 1548 2091 2052 3959 3071 3089 2389 2594 1249 1744 1166 1142 1323 9182 1358 4884 2825 1903 3123 4636 3968 3364 1640 2334 2458 4512 3642 2555 3830 2982 3267 5341 7312 7428 5109 6279 6434 6435 6648 4698 820 1160 4989 6152 5292 5800 5993 7448 13516 6187 928 11813 11373 3944 5467 1148 1194 10753 1358 5616 4773 7175 6580 2730 906 1100 928 4646 4218 8190 820 2201 5020 6278 2380 3613 6384 8034 
1353 1996 1411 0 2767 418 1233 580 625 1661 706 1211 1771 1512 519 1508 367 883 259 367 348 116 164 232 3449 2509 1834 4060 3856 1945 1578 4114 3699 2617 2391 2101 2002 2803 2789 2786 1860 3095 2461 3490 3840 5424 4478 4840 4857 2158 2391 3062 4682 3412 4222 3156 2971 2645 2483 2052 2252 2303 8078 2757 6291 4119 1397 2252 3692 3185 2825 519 1453 1397 3324 2349 1211 2439 1578 1874 3971 5934 6032 3741 6052 6191 6135 6311 6019 1834 2389 6288 6029 5852 5341 5352 6490 12487 7522 2332 10403 9977 3964 6231 820 492 11103 259 5088 4577 7876 7411 4140 778 1920 1812 3248 4924 7301 1402 2794 3877 5545 3372 4858 5010 7803 
1661 1166 1972 2767 0 2349 1556 3121 2461 1353 2297 2691 998 2436 2334 1744 3009 3641 2994 2698 3065 2865 2738 2576 4756 3757 3364 5064 5234 2921 3256 5574 4924 3082 1920 2167 2026 3633 3340 2547 2461 3372 2825 2029 2091 2718 1724 2231 2139 625 883 519 1996 1323 1624 418 935 2216 3573 3012 2822 3071 10845 2231 4463 1920 3787 4924 6417 5824 5290 3225 4104 4131 6088 5084 3944 5026 3968 4140 6567 8469 8487 6346 8249 8404 8407 8619 5246 2678 2678 5598 4558 3322 4601 7917 6868 12891 6570 1740 12646 12375 2391 6995 1972 2288 8804 2547 7565 6744 5220 4676 2900 1996 906 2825 5769 2252 10019 1397 418 4989 5414 696 4524 7569 6471 
991 1612 1142 418 2349 0 820 883 519 1281 492 1160 1353 1358 259 1183 706 1297 656 478 734 519 418 259 3536 2544 1888 4104 3968 1870 1649 4248 3777 2499 2101 1860 1740 2767 2698 2563 1689 2973 2311 3156 3490 5010 4060 4432 4441 1740 1996 2650 4268 3025 3816 2738 2576 2391 2491 1996 2133 2228 8497 2499 5971 3741 1689 2645 4101 3573 3168 906 1834 1805 3741 2757 1616 2806 1870 2139 4348 6303 6384 4119 6359 6501 6457 6640 5829 1724 2228 6113 5742 5453 5137 5730 6468 12505 7324 2026 10723 10325 3633 6279 418 116 10739 232 5447 4869 7468 6996 3856 367 1508 1740 3603 4512 7710 991 2380 3937 5431 2957 4711 5381 7548 
418 844 1142 1233 1556 820 0 1673 1100 836 957 1323 591 1255 778 676 1453 2091 1476 1142 1512 1323 1233 1069 3685 2648 2091 4153 4150 1834 1913 4464 3899 2303 1548 1453 1297 2718 2544 2133 1476 2738 2065 2461 2757 4190 3250 3613 3624 935 1194 1913 3449 2231 3095 1931 1771 2216 2844 2279 2285 2458 9298 2303 5515 3134 2439 3461 4921 4385 3944 1724 2645 2625 4537 3528 2389 3490 2461 2671 5036 6962 7007 4812 7080 7227 7196 7389 5689 1945 2288 6002 5109 4640 4670 6531 6342 12419 7147 1740 11262 10926 2937 6603 418 743 9965 998 6231 5578 6649 6179 3528 519 812 2026 4254 3692 8531 418 1561 4022 5138 2201 4682 6052 6964 
1874 2491 1435 580 3121 883 1673 0 676 1870 836 1774 2133 2091 1069 2056 778 844 367 935 676 591 478 625 3898 3009 2334 4537 4278 2504 2075 4512 4153 3185 2957 2678 2576 3340 3348 3366 2439 3663 3036 4035 4373 5824 4846 5273 5250 2544 2865 3346 5088 3899 4463 3528 3443 2555 2052 1713 1982 1972 7786 2671 6264 4256 820 1805 3297 2718 2285 259 984 1038 3082 2216 1183 2480 1834 2158 3946 5917 6060 3714 5486 5627 5578 5759 5773 1578 2167 6020 6599 6311 5921 4858 7003 12966 7281 2346 10490 10000 4512 5730 1297 991 11621 820 4565 4005 8304 7796 4067 1160 2228 1508 3299 5337 6898 1724 3208 4343 6105 3668 4565 4989 8381 
1397 1945 812 625 2461 519 1100 676 0 1194 164 1673 1486 1874 778 1624 991 1397 696 906 957 734 478 418 4020 3045 2380 4605 4441 2389 2133 4711 4265 3016 2552 2346 2216 3283 3217 3051 2201 3490 2825 3549 3856 5173 4184 4640 4596 1903 2285 2671 4441 3322 3787 2872 2853 2026 1972 1486 1649 1724 8462 2139 5695 3602 1353 2466 3968 3364 2865 844 1649 1713 3748 2844 1744 3018 2201 2499 4530 6500 6616 4298 5979 6126 6096 6291 5397 1233 1771 5670 6175 5695 5627 5475 6984 13015 6900 1740 11008 10562 4027 5760 812 625 11060 656 5153 4478 7664 7137 3528 591 1561 1233 3835 4693 7562 1069 2576 4432 5947 2994 4248 5573 8005 
1233 1358 625 1661 1353 1281 836 1870 1194 0 1038 2133 591 2091 1397 1476 1986 2533 1834 1740 2002 1774 1578 1435 4518 3482 2909 4989 4981 2671 2715 5292 4735 3117 2231 2228 2065 3551 3364 2865 2303 3536 2872 2921 3132 4060 3045 3583 3480 935 1512 1486 3346 2461 2594 1771 1986 1397 2323 1744 1640 1860 9656 1476 4732 2461 2461 3642 5151 4518 3951 2026 2832 2907 4935 4000 2870 4086 3134 3382 5627 7584 7664 5397 6903 7057 7056 7267 4857 1397 1578 5173 5587 4669 5322 6580 7148 13227 6311 906 11984 11602 3372 5965 1069 1276 10129 1512 6218 5396 6567 5993 2698 928 478 1526 4884 3603 8733 418 1578 4858 5890 1812 3877 6662 7482 
1276 1801 706 706 2297 492 957 836 164 1038 0 1649 1323 1816 743 1512 1069 1526 820 935 1050 820 580 478 4027 3036 2380 4596 4457 2349 2139 4733 4268 2957 2439 2252 2117 3250 3166 2957 2133 3427 2757 3414 3714 5010 4020 4478 4432 1740 2133 2509 4278 3168 3631 2708 2698 1945 2026 1512 1640 1740 8619 2056 5587 3461 1512 2630 4131 3528 3025 991 1812 1870 3899 2982 1870 3132 2279 2568 4653 6621 6729 4422 6126 6274 6247 6443 5352 1233 1740 5632 6050 5534 5530 5638 6949 12993 6851 1628 11108 10675 3891 5819 706 580 10906 676 5312 4623 7501 6973 3435 464 1397 1255 3946 4530 7726 906 2414 4429 5881 2832 4222 5695 7888 
1044 1578 2228 1211 2691 1160 1323 1774 1673 2133 1649 0 1870 418 906 957 1044 1578 1411 844 1160 1183 1358 1297 2414 1397 778 2953 2865 734 591 3166 2645 1411 1486 1094 1069 1612 1578 1689 734 1888 1276 2645 3045 5036 4222 4377 4514 2091 1982 3134 4306 2832 4306 2982 2491 3443 3641 3156 3285 3388 8481 3541 6837 4432 2563 3156 4417 4073 3872 1628 2461 2279 3777 2708 1713 2447 1353 1467 3946 5800 5801 3735 7137 7267 7190 7348 6918 2881 3364 7215 4989 5273 4178 6247 5312 11345 8399 3009 9977 9684 3089 7419 1094 1069 10267 1038 6055 5695 7356 7023 4829 1323 2117 2900 3123 4518 7958 1724 2533 2794 4334 3382 5838 4916 6694 
844 778 1166 1771 998 1353 591 2133 1486 591 1323 1870 0 1724 1358 1038 2026 2648 1996 1724 2075 1870 1740 1578 4158 3123 2617 4576 4631 2285 2461 4956 4359 2645 1673 1724 1561 3123 2900 2320 1870 3036 2391 2332 2555 3692 2718 3156 3117 418 928 1323 2957 1913 2504 1397 1435 1931 2900 2320 2231 2447 9849 1996 4989 2563 2832 3937 5424 4846 4343 2228 3117 3134 5093 4100 2957 4080 3051 3256 5627 7553 7597 5402 7389 7540 7527 7730 5332 1972 2167 5660 5000 4218 4739 6960 6644 12720 6758 1416 11837 11513 2786 6556 991 1297 9629 1556 6628 5881 6179 5665 3089 998 259 2091 4846 3208 9029 418 1094 4463 5341 1616 4410 6643 6892 
883 1281 2303 1512 2436 1358 1255 2091 1874 2091 1816 418 1724 0 1100 706 1411 1982 1740 1160 1526 1508 1640 1548 2439 1402 928 2900 2909 580 844 3231 2648 1142 1069 676 656 1476 1353 1297 348 1616 957 2228 2630 4669 3889 4000 4158 1870 1661 2909 3946 2447 4060 2691 2133 3461 3840 3324 3412 3541 8883 3551 6713 4254 2900 3558 4835 4481 4254 1975 2844 2678 4190 3121 2129 2832 1740 1816 4306 6126 6105 4101 7514 7647 7576 7738 6939 3025 3461 7248 4589 4873 3830 6657 5151 11214 8401 2994 10211 9958 2671 7632 1160 1249 9849 1297 6457 6060 6960 6648 4777 1416 1982 3065 3476 4150 8375 1673 2231 2767 4073 3132 5906 5256 6316 
836 1486 1353 519 2334 259 778 1069 778 1397 743 906 1358 1100 0 991 676 1323 778 367 743 580 591 464 3297 2297 1649 3856 3735 1612 1416 4022 3536 2240 1888 1624 1512 2509 2439 2323 1435 2715 2056 2973 3322 4946 4022 4348 4385 1713 1888 2678 4203 2900 3856 2706 2466 2594 2750 2252 2380 2483 8526 2698 6122 3835 1888 2767 4190 3701 3340 1038 1972 1903 3764 2750 1612 2730 1740 1986 4278 6218 6281 4052 6556 6696 6644 6823 6050 1975 2466 6339 5530 5347 4894 5870 6210 12250 7540 2201 10587 10214 3449 6538 367 164 10584 259 5607 5074 7382 6939 4035 478 1548 1996 3511 4441 7796 1050 2320 3692 5173 2973 4946 5302 7323 
259 625 1816 1508 1744 1183 676 2056 1624 1476 1512 957 1038 706 991 0 1578 2228 1767 1255 1673 1556 1578 1435 3123 2091 1628 3541 3598 1249 1512 3925 3322 1640 928 778 625 2091 1888 1467 836 2065 1397 1982 2334 4119 3275 3480 3583 1166 1038 2207 3382 1969 3366 2026 1578 2872 3490 2935 2957 3123 9350 2953 6016 3549 2870 3741 5128 4676 4331 2026 2957 2865 4605 3551 2461 3372 2285 2422 4890 6756 6757 4676 7540 7681 7633 7813 6329 2607 2964 6649 4561 4429 4027 6851 5675 11753 7773 2380 10905 10633 2458 7265 812 1069 9601 1249 6596 6052 6493 6113 4119 1050 1297 2678 4073 3603 8719 1069 1578 3425 4463 2439 5347 5869 6381 
1476 2133 1774 367 3009 706 1453 778 991 1986 1069 1044 2026 1411 676 1578 0 656 418 328 116 259 519 591 3134 2231 1556 3764 3528 1755 1297 3777 3388 2447 2391 2056 1982 2568 2594 2708 1755 2921 2320 3528 3899 5616 4698 5010 5058 2389 2544 3340 4873 3536 4512 3382 3117 3012 2794 2391 2607 2645 7850 3123 6649 4446 1526 2179 3551 3113 2844 591 1435 1297 3089 2075 935 2101 1211 1508 3642 5598 5685 3414 6103 6236 6165 6330 6381 2189 2750 6648 5993 5993 5221 5292 6225 12194 7885 2691 10043 9628 3995 6505 1038 734 11166 478 5064 4653 8040 7610 4505 1069 2201 2158 2902 5109 7148 1689 2994 3573 5347 3641 5214 4676 7727 
2133 2789 2207 883 3641 1297 2091 844 1397 2533 1526 1578 2648 1982 1323 2228 656 0 706 984 580 778 957 1100 3269 2504 1870 3946 3603 2216 1628 3805 3528 2909 3009 2650 2594 2921 3016 3267 2311 3366 2822 4158 4537 6268 5341 5665 5708 3025 3200 3946 5526 4190 5105 4022 3773 3382 2832 2544 2825 2803 7207 3497 7080 4983 1255 1578 2900 2499 2323 591 935 706 2447 1467 348 1640 1069 1397 3134 5105 5232 2902 5587 5714 5627 5779 6613 2422 3012 6855 6567 6649 5714 4676 6463 12334 8121 3134 9650 9176 4620 6380 1673 1353 11798 1094 4478 4178 8696 8261 4894 1661 2803 2349 2461 5763 6493 2285 3642 3735 5726 4254 5396 4178 8259 
1612 2252 1508 259 2994 656 1476 367 696 1834 820 1411 1996 1740 778 1767 418 706 0 580 328 232 259 418 3551 2648 1972 4182 3941 2139 1713 4184 3805 2822 2645 2346 2252 2973 2982 3025 2088 3299 2678 3748 4100 5665 4711 5088 5096 2391 2645 3269 4924 3668 4417 3388 3225 2708 2380 1996 2231 2252 7858 2822 6389 4278 1160 1996 3445 2928 2568 259 1194 1148 3113 2167 1050 2323 1556 1870 3835 5805 5921 3603 5801 5939 5881 6055 6020 1816 2391 6278 6279 6105 5569 5093 6640 12612 7527 2436 10319 9866 4222 6088 1069 743 11362 519 4829 4331 8124 7650 4216 998 2129 1771 3141 5168 7054 1612 3036 3991 5739 3583 4835 4878 8045 
1148 1805 1616 367 2698 478 1142 935 906 1740 935 844 1724 1160 367 1255 328 984 580 0 418 348 519 492 3117 2158 1486 3714 3536 1578 1233 3805 3364 2252 2091 1774 1689 2439 2422 2447 1508 2730 2101 3217 3583 5290 4377 4682 4733 2075 2216 3045 4548 3208 4222 3065 2789 2865 2832 2380 2555 2625 8173 2973 6447 4190 1740 2491 3877 3425 3123 820 1724 1612 3412 2389 1255 2366 1397 1661 3913 5857 5926 3687 6371 6506 6443 6613 6288 2139 2671 6566 5712 5665 4989 5603 6129 12136 7786 2504 10250 9863 3687 6592 734 464 10850 259 5364 4906 7712 7285 4334 812 1913 2133 3151 4783 7475 1411 2671 3536 5179 3340 5151 4939 7468 
1561 2216 1755 348 3065 734 1512 676 957 2002 1050 1160 2075 1526 743 1673 116 580 328 418 0 232 478 580 3225 2334 1661 3861 3613 1870 1402 3856 3480 2563 2499 2167 2091 2678 2708 2822 1870 3036 2436 3631 4000 5689 4762 5088 5128 2447 2625 3382 4946 3624 4549 3443 3200 2982 2708 2320 2547 2576 7786 3095 6637 4463 1411 2075 3461 3009 2730 478 1323 1194 3025 2026 883 2091 1249 1556 3626 5587 5684 3396 5988 6122 6052 6218 6329 2129 2698 6592 6105 6079 5337 5188 6329 12290 7835 2678 10057 9629 4100 6406 1094 778 11267 519 4956 4537 8121 7681 4482 1100 2240 2091 2900 5184 7062 1724 3062 3668 5461 3687 5153 4663 7842 
1416 2065 1526 116 2865 519 1323 591 734 1774 820 1183 1870 1508 580 1556 259 778 232 348 232 0 259 348 3372 2447 1771 3991 3773 1913 1512 4027 3624 2594 2422 2117 2026 2757 2757 2794 1856 3071 2447 3534 3891 5511 4571 4921 4946 2252 2466 3168 4769 3480 4331 3250 3045 2757 2555 2139 2349 2391 7980 2870 6406 4234 1392 2189 3613 3123 2789 478 1402 1323 3223 2240 1100 2323 1467 1767 3856 5819 5916 3626 6029 6165 6105 6278 6122 1931 2491 6388 6052 5926 5337 5295 6435 12421 7626 2447 10287 9861 4007 6288 906 580 11157 328 5042 4561 7957 7501 4254 883 2026 1903 3132 5010 7220 1508 2881 3805 5515 3476 4956 4894 7814 
1402 2029 1281 164 2738 418 1233 478 478 1578 580 1358 1740 1640 591 1578 519 957 259 519 478 259 0 164 3613 2671 1996 4222 4020 2091 1740 4278 3863 2757 2480 2207 2101 2957 2935 2900 1986 3236 2594 3558 3899 5416 4457 4846 4846 2139 2414 3009 4676 3443 4158 3134 2994 2504 2320 1888 2091 2139 8117 2617 6165 4027 1297 2228 3692 3156 2757 492 1416 1397 3372 2422 1297 2552 1724 2026 4075 6042 6149 3844 5965 6105 6055 6236 5862 1673 2231 6129 6122 5870 5463 5312 6648 12649 7367 2207 10532 10095 4035 6073 836 519 11154 348 5032 4482 7881 7399 4005 743 1870 1649 3366 4921 7301 1353 2789 4040 5689 3324 4698 5116 7909 
1249 1870 1183 232 2576 259 1069 625 418 1435 478 1297 1578 1548 464 1435 591 1100 418 492 580 348 164 0 3609 2645 1975 4203 4027 2026 1724 4294 3856 2678 2346 2088 1975 2907 2865 2786 1888 3156 2504 3412 3748 5252 4294 4682 4682 1975 2252 2853 4512 3283 4007 2971 2832 2422 2349 1888 2065 2133 8276 2533 6060 3891 1435 2391 3856 3318 2909 656 1578 1561 3528 2568 1435 2671 1801 2091 4202 6165 6264 3971 6105 6247 6200 6383 5814 1649 2189 6088 5988 5708 5356 5472 6605 12622 7315 2101 10633 10209 3889 6122 676 367 10998 259 5188 4618 7717 7235 3913 580 1713 1640 3480 4757 7465 1194 2625 4027 5613 3166 4666 5241 7786 
3322 3602 4640 3449 4756 3536 3685 3898 4020 4518 4027 2414 4158 2439 3297 3123 3134 3269 3551 3117 3225 3372 3613 3609 0 1038 1649 706 478 1874 1888 820 259 1740 2909 2594 2730 1160 1512 2447 2311 1689 1975 3663 4052 6465 5917 5759 6060 4256 3891 5261 5829 4298 6350 4921 4182 5855 5926 5496 5665 5742 8204 5952 9138 6644 4518 4530 5225 5252 5402 3668 4158 3856 4216 3366 3123 2671 2240 1945 3425 4693 4505 3322 8532 8634 8497 8597 9332 5252 5763 9629 4840 6346 3480 7200 3236 9075 10810 5411 8105 8034 3889 9620 3507 3461 10417 3364 7196 7260 8379 8302 7213 3735 4417 5250 2715 5971 8256 4101 4463 478 2900 5437 8243 4027 6029 
2285 2594 3624 2509 3757 2544 2648 3009 3045 3482 3036 1397 3123 1402 2297 2091 2231 2504 2648 2158 2334 2447 2671 2645 1038 0 676 1561 1508 844 935 1834 1255 935 1986 1624 1744 519 820 1661 1297 1160 1100 2909 3322 5657 5022 4956 5210 3236 2909 4254 4983 3435 5367 3951 3256 4828 4989 4530 4676 4769 8392 4923 8108 5627 3707 3946 4895 4769 4779 2803 3435 3166 4007 3012 2447 2439 1628 1435 3609 5194 5088 3449 8005 8120 8007 8133 8307 4268 4760 8607 4601 5656 3449 6848 3995 9979 9781 4377 8969 8808 3223 8734 2483 2461 10129 2391 6764 6649 7731 7562 6175 2718 3382 4278 2794 5149 8197 3065 3488 1397 3250 4446 7235 4410 6055 
1774 2207 2994 1834 3364 1888 2091 2334 2380 2909 2380 778 2617 928 1649 1628 1556 1870 1972 1486 1661 1771 1996 1975 1649 676 0 2228 2091 580 259 2389 1888 1142 1816 1402 1467 1050 1183 1724 991 1548 1160 2900 3318 5515 4783 4829 5026 2794 2576 3835 4807 3275 4988 3613 3012 4218 4315 3863 4020 4104 8202 4317 7600 5168 3045 3372 4440 4234 4178 2133 2806 2555 3641 2594 1860 2139 1142 1069 3507 5256 5211 3318 7428 7548 7447 7584 7689 3609 4114 7983 4928 5632 3913 6359 4669 10653 9173 3787 9283 9040 3285 8058 1870 1812 10371 1724 6236 6042 7722 7471 5607 2091 2870 3613 2671 4997 7858 2499 3151 2052 3856 4060 6595 4410 6501 
3764 3946 5173 4060 5064 4104 4153 4537 4605 4989 4596 2953 4576 2900 3856 3541 3764 3946 4182 3714 3861 3991 4222 4203 706 1561 2228 0 676 2320 2483 906 464 1982 3156 2909 3062 1453 1724 2594 2706 1755 2240 3712 4067 6505 6060 5805 6149 4618 4182 5580 5917 4432 6613 5179 4391 6359 6542 6090 6236 6329 8734 6450 9505 6979 5188 5234 5917 5957 6105 4317 4847 4549 4894 4067 3816 3364 2935 2645 4007 5088 4846 3925 9237 9339 9200 9298 9838 5829 6316 10145 4478 6279 3036 7891 2533 8430 11300 5893 8131 8165 3856 10267 4027 4020 10028 3951 7896 7964 8256 8259 7660 4268 4835 5838 3348 6033 8878 4571 4733 232 2285 5723 8786 4505 5502 
3793 4080 5084 3856 5234 3968 4150 4278 4441 4981 4457 2865 4631 2909 3735 3598 3528 3603 3941 3536 3613 3773 4020 4027 478 1508 2091 676 0 2349 2320 348 367 2207 3382 3071 3208 1628 1972 2902 2789 2117 2447 4101 4482 6907 6380 6201 6513 4733 4368 5739 6281 4757 6827 5397 4653 6308 6321 5908 6090 6157 8058 6406 9613 7122 4858 4769 5341 5437 5650 4040 4463 4150 4294 3528 3425 2806 2547 2231 3340 4429 4203 3267 8715 8811 8662 8749 9781 5675 6196 10073 5109 6756 3692 7309 3036 8734 11263 5870 7667 7631 4305 9979 3959 3898 10675 3787 7341 7489 8771 8722 7678 4182 4890 5665 2708 6418 8222 4565 4939 492 2957 5915 8678 3830 6177 
1453 1755 2872 1945 2921 1870 1834 2504 2389 2671 2349 734 2285 580 1612 1249 1755 2216 2139 1578 1870 1913 2091 2026 1874 844 580 2320 2349 0 676 2678 2075 696 1249 844 935 906 844 1160 464 1166 625 2320 2738 4956 4254 4265 4478 2391 2088 3414 4256 2715 4537 3132 2480 4040 4360 3861 3968 4086 8777 4131 7265 4783 3281 3777 4935 4670 4537 2346 3134 2921 4182 3123 2279 2708 1673 1640 4086 5819 5759 3898 7803 7930 7842 7991 7519 3573 4027 7827 4417 5054 3497 6823 4601 10652 8981 3573 9761 9556 2708 8145 1724 1771 9817 1767 6669 6381 7144 6903 5352 1975 2544 3603 3250 4440 8399 2252 2668 2189 3602 3613 6480 4981 6052 
1628 2117 2767 1578 3256 1649 1913 2075 2133 2715 2139 591 2461 844 1416 1512 1297 1628 1713 1233 1402 1512 1740 1724 1888 935 259 2483 2320 676 0 2607 2133 1323 1834 1416 1453 1297 1397 1834 998 1755 1297 2957 3372 5501 4733 4825 4997 2668 2504 3712 4783 3269 4878 3528 2973 4000 4060 3613 3777 3856 8124 4101 7428 5022 2789 3151 4265 4027 3944 1874 2563 2320 3507 2447 1640 2052 998 998 3482 5283 5261 3283 7200 7323 7226 7367 7465 3364 3877 7755 5088 5664 4119 6167 4928 10910 8952 3581 9396 9122 3364 7799 1661 1578 10491 1476 6029 5805 7755 7472 5407 1870 2708 3364 2648 4983 7722 2311 3071 2303 4101 3951 6359 4417 6696 
4114 4417 5374 4114 5574 4248 4464 4512 4711 5292 4733 3166 4956 3231 4022 3925 3777 3805 4184 3805 3856 4027 4278 4294 820 1834 2389 906 348 2678 2607 0 706 2555 3728 3414 3549 1975 2320 3250 3123 2461 2794 4446 4825 7252 6728 6547 6860 5067 4711 6078 6628 5105 7170 5742 5000 6605 6562 6165 6359 6417 7888 6705 9942 7457 5058 4890 5367 5515 5773 4268 4636 4317 4298 3602 3603 2870 2738 2414 3236 4190 3941 3185 8782 8872 8715 8793 10071 5942 6473 10360 5382 7091 3941 7323 3016 8564 11559 6175 7325 7304 4643 10185 4259 4182 10934 4060 7382 7593 9098 9060 7990 4476 5214 5926 2671 6764 8131 4878 5283 778 3123 6256 8955 3641 6380 
3528 3778 4873 3699 4924 3777 3899 4153 4265 4735 4268 2645 4359 2648 3536 3322 3388 3528 3805 3364 3480 3624 3863 3856 259 1255 1888 464 367 2075 2133 706 0 1870 3051 2757 2900 1297 1628 2552 2499 1755 2117 3741 4119 6547 6033 5842 6158 4440 4052 5433 5926 4408 6506 5074 4317 6082 6179 5744 5908 5988 8337 6177 9328 6823 4777 4783 5453 5496 5657 3925 4417 4114 4432 3603 3382 2900 2499 2201 3581 4760 4548 3490 8777 8878 8738 8835 9561 5496 6002 9860 4769 6389 3372 7428 2982 8817 11035 5632 8031 7998 3939 9877 3735 3699 10340 3609 7432 7512 8404 8356 7425 3968 4618 5496 2900 6060 8437 4317 4618 232 2715 5599 8481 4131 5890 
1888 1972 3412 2617 3082 2499 2303 3185 3016 3117 2957 1411 2645 1142 2240 1640 2447 2909 2822 2252 2563 2594 2757 2678 1740 935 1142 1982 2207 696 1323 2555 1870 0 1183 935 1094 580 259 734 836 478 259 1982 2391 4756 4178 4052 4331 2648 2201 3598 4101 2563 4643 3208 2447 4512 4983 4463 4537 4676 9278 4593 7527 4997 3971 4463 5580 5347 5232 3036 3830 3613 4777 3735 2957 3250 2285 2189 4518 6129 6020 4348 8497 8622 8532 8678 7967 4158 4571 8288 3787 4723 2806 7489 4040 10116 9402 4020 9827 9707 2288 8775 2288 2391 9258 2422 7348 7077 6797 6640 5731 2547 2900 4203 3692 4254 8993 2708 2757 1913 2935 3744 6984 5341 5374 
1166 906 2678 2391 1920 2101 1548 2957 2552 2231 2439 1486 1673 1069 1888 928 2391 3009 2645 2091 2499 2422 2480 2346 2909 1986 1816 3156 3382 1249 1834 3728 3051 1183 0 418 418 1755 1435 656 836 1453 935 1160 1561 3707 3036 3016 3236 1561 1038 2439 3012 1467 3461 2026 1276 3603 4391 3826 3816 4000 9942 3668 6381 3840 3777 4570 5890 5501 5211 2900 3816 3687 5260 4190 3185 3877 2794 2832 5312 7067 7007 5116 8443 8582 8526 8700 6976 3490 3793 7312 3642 3830 3123 7681 5010 11074 8373 3089 10954 10784 1612 8145 1740 1986 8793 2139 7454 6962 5921 5656 4682 1975 1903 3573 4476 3192 9442 1874 1578 3095 3668 2568 6082 6225 5453 
1038 1038 2594 2101 2167 1860 1453 2678 2346 2228 2252 1094 1724 676 1624 778 2056 2650 2346 1774 2167 2117 2207 2088 2594 1624 1402 2909 3071 844 1416 3414 2757 935 418 0 164 1467 1194 706 418 1312 676 1561 1969 4114 3414 3427 3633 1713 1297 2678 3412 1874 3757 2332 1640 3624 4256 3707 3735 3899 9528 3699 6596 4073 3497 4222 5511 5149 4895 2594 3490 3340 4857 3787 2806 3461 2380 2414 4894 6657 6603 4698 8145 8281 8216 8384 7056 3382 3741 7382 3939 4248 3281 7326 4924 11002 8481 3121 10587 10397 1996 8038 1548 1744 9173 1860 7117 6677 6339 6070 4802 1801 1975 3449 4058 3598 9049 1834 1870 2825 3685 2844 6105 5810 5703 
883 883 2439 2002 2026 1740 1297 2576 2216 2065 2117 1069 1561 656 1512 625 1982 2594 2252 1689 2091 2026 2101 1975 2730 1744 1467 3062 3208 935 1453 3549 2900 1094 418 164 0 1616 1353 844 478 1476 836 1578 1975 4052 3322 3372 3558 1556 1166 2533 3340 1816 3626 2207 1548 3461 4111 3558 3581 3748 9537 3536 6443 3925 3396 4158 5472 5088 4812 2504 3412 3275 4846 3777 2767 3480 2391 2447 4935 6721 6678 4735 8053 8191 8131 8302 6892 3231 3583 7218 4027 4222 3414 7267 5088 11166 8317 2957 10695 10490 2029 7889 1411 1624 9211 1755 7046 6579 6311 6019 4640 1661 1812 3301 4101 3534 9025 1673 1744 2973 3842 2708 5942 5866 5810 
2320 2499 3777 2803 3633 2767 2718 3340 3283 3551 3250 1612 3123 1476 2509 2091 2568 2921 2973 2439 2678 2757 2957 2907 1160 519 1050 1453 1628 906 1297 1975 1297 580 1755 1467 1616 0 367 1297 1255 656 820 2533 2935 5323 4757 4618 4906 3168 2757 4145 4676 3141 5210 3777 3025 4932 5252 4762 4873 4989 8897 5020 8058 5540 4080 4410 5402 5252 5225 3156 3856 3603 4524 3522 2900 2957 2117 1945 4104 5632 5500 3951 8469 8587 8481 8612 8407 4478 4932 8719 4086 5256 2935 7348 3701 9747 9860 4457 9252 9146 2803 9028 2630 2671 9625 2648 7252 7091 7316 7190 6210 2881 3382 4505 3297 4825 8715 3134 3322 1358 2806 4305 7382 4873 5540 
2133 2231 3642 2789 3340 2698 2544 3348 3217 3364 3166 1578 2900 1353 2439 1888 2594 3016 2982 2422 2708 2757 2935 2865 1512 820 1183 1724 1972 844 1397 2320 1628 259 1435 1194 1353 367 0 935 1069 367 519 2167 2568 4960 4408 4254 4548 2907 2458 3856 4317 2786 4895 3461 2691 4757 5188 4676 4762 4894 9210 4840 7786 5256 4119 4548 5613 5416 5337 3185 3946 3714 4773 3748 3036 3223 2311 2179 4429 5988 5862 4268 8597 8719 8622 8762 8217 4377 4802 8537 3800 4890 2730 7540 3805 9877 9656 4268 9613 9513 2439 8977 2509 2594 9313 2607 7419 7193 6952 6823 5987 2767 3156 4417 3613 4463 8980 2953 3012 1661 2757 4000 7226 5220 5322 
1724 1561 3275 2786 2547 2563 2133 3366 3051 2865 2957 1689 2320 1297 2323 1467 2708 3267 3025 2447 2822 2794 2900 2786 2447 1661 1724 2594 2902 1160 1834 3250 2552 734 656 706 844 1297 935 0 957 844 580 1249 1661 4027 3482 3322 3613 2216 1673 3065 3382 1856 4035 2607 1801 4248 4956 4402 4417 4589 9925 4315 7008 4463 4182 4844 6070 5759 5551 3267 4140 3968 5341 4279 3382 3863 2832 2794 5199 6851 6749 5020 8811 8944 8872 9034 7632 4073 4410 7967 3301 3995 2576 7929 4354 10417 9029 3735 10548 10439 1578 8732 2252 2447 8657 2552 7744 7353 6073 5907 5337 2504 2555 4145 4367 3528 9556 2491 2179 2563 3025 3168 6729 6050 5022 
1069 1297 2576 1860 2461 1689 1476 2439 2201 2303 2133 734 1870 348 1435 836 1755 2311 2088 1508 1870 1856 1986 1888 2311 1297 991 2706 2789 464 998 3123 2499 836 836 418 478 1255 1069 957 0 1297 625 1969 2380 4524 3800 3840 4035 1945 1624 2957 3816 2285 4075 2668 2026 3692 4158 3631 3701 3842 9114 3777 6829 4334 3248 3889 5138 4807 4596 2323 3185 3012 4457 3388 2439 3045 1969 1996 4476 6247 6200 4279 7858 7991 7917 8078 7159 3324 3735 7475 4256 4666 3482 6979 4873 10946 8607 3208 10224 10012 2391 7951 1453 1578 9556 1640 6789 6406 6757 6485 4956 1713 2129 3372 3641 4007 8657 1888 2204 2594 3748 3151 6157 5396 5971 
2320 2320 3861 3095 3372 2973 2738 3663 3490 3536 3427 1888 3036 1616 2715 2065 2921 3366 3299 2730 3036 3071 3236 3156 1689 1160 1548 1755 2117 1166 1755 2461 1755 478 1453 1312 1476 656 367 844 1297 0 676 1986 2366 4791 4306 4086 4410 2994 2491 3891 4178 2678 4879 3449 2645 4932 5453 4928 4993 5138 9550 5010 7834 5292 4446 4906 5979 5779 5689 3511 4292 4067 5137 4114 3396 3583 2678 2544 4760 6274 6129 4605 8951 9075 8980 9122 8368 4620 5019 8695 3443 4659 2366 7906 3613 9691 9789 4432 9784 9723 2201 9246 2750 2865 8971 2900 7782 7540 6702 6613 6105 3009 3285 4669 3951 4306 9341 3134 3016 1740 2458 4007 7411 5526 4956 
1649 1713 3185 2461 2825 2311 2065 3036 2825 2872 2757 1276 2391 957 2056 1397 2320 2822 2678 2101 2436 2447 2594 2504 1975 1100 1160 2240 2447 625 1297 2794 2117 259 935 676 836 820 519 580 625 676 0 1816 2231 4558 3951 3856 4119 2389 1945 3340 3891 2346 4391 2957 2207 4268 4783 4254 4317 4463 9352 4348 7267 4739 3835 4391 5560 5290 5137 2902 3728 3528 4795 3741 2900 3297 2288 2228 4620 6278 6184 4441 8403 8532 8449 8601 7717 3944 4343 8040 3793 4565 2902 7447 4278 10356 9149 3773 10043 9904 2158 8575 2075 2201 9211 2252 7287 6969 6648 6463 5475 2334 2645 3995 3787 4052 9013 2466 2504 2167 3123 3490 6744 5472 5437 
2167 1628 3482 3490 2029 3156 2461 4035 3549 2921 3414 2645 2332 2228 2973 1982 3528 4158 3748 3217 3631 3534 3558 3412 3663 2909 2900 3712 4101 2320 2957 4446 3741 1982 1160 1561 1578 2533 2167 1249 1969 1986 1816 0 418 2806 2391 2101 2439 2026 1411 2483 2207 836 3185 1888 1094 4145 5225 4646 4561 4779 11081 4182 6288 3777 4844 5706 7046 6640 6313 4007 4935 4825 6417 5347 4343 5010 3937 3951 6405 8093 7997 6218 9513 9656 9612 9794 7271 4298 4482 7625 2671 2750 2576 8819 5036 10961 8570 3633 11766 11680 478 8872 2757 3045 7640 3231 8575 8018 4835 4659 4923 2957 2480 4410 5569 2323 10602 2668 1612 3719 3480 2461 6538 7281 4561 
2499 1913 3719 3840 2091 3490 2757 4373 3856 3132 3714 3045 2555 2630 3322 2334 3899 4537 4100 3583 4000 3891 3899 3748 4052 3322 3318 4067 4482 2738 3372 4825 4119 2391 1561 1969 1975 2935 2568 1661 2380 2366 2231 418 0 2439 2133 1740 2117 2207 1628 2491 1888 778 3045 1870 1183 4278 5453 4873 4762 4989 11494 4305 6165 3699 5173 6073 7432 7008 6657 4359 5292 5194 6820 5751 4733 5424 4348 4367 6823 8509 8410 6635 9833 9979 9942 10129 7281 4525 4663 7640 2480 2334 2625 9185 5242 11090 8538 3777 12150 12078 328 9040 3082 3382 7267 3581 8928 8333 4417 4256 4935 3267 2671 4646 5987 1975 10998 2921 1689 4086 3641 2414 6613 7699 4391 
4153 3507 4666 5424 2718 5010 4190 5824 5173 4060 5010 5036 3692 4669 4946 4119 5616 6268 5665 5290 5689 5511 5416 5252 6465 5657 5515 6505 6907 4956 5501 7252 6547 4756 3707 4114 4052 5323 4960 4027 4524 4791 4558 2806 2439 0 1038 706 580 3281 3089 2648 743 2240 2091 2303 2547 4549 6125 5603 5347 5607 13458 4512 4722 2900 6505 7629 9108 8537 8007 5908 6809 6812 8700 7660 6542 7482 6388 6485 8975 10771 10714 8769 10906 11064 11081 11300 6506 5295 5149 6870 3714 991 4631 10635 7489 13051 7454 4205 14570 14461 2671 9108 4605 4932 6350 5184 10278 9410 2509 1996 4408 4676 3624 5453 8145 519 12716 4104 2630 6522 5834 2334 6264 9917 5362 
3269 2650 3642 4478 1724 4060 3250 4846 4184 3045 4020 4222 2718 3889 4022 3275 4698 5341 4711 4377 4762 4571 4457 4294 5917 5022 4783 6060 6380 4254 4733 6728 6033 4178 3036 3414 3322 4757 4408 3482 3800 4306 3951 2391 2133 1038 0 844 478 2320 2240 1612 478 1628 1211 1323 1774 3522 5088 4565 4311 4570 12547 3490 4203 2026 5501 6649 8141 7546 6996 4946 5829 5852 7786 6764 5632 6643 5560 5689 8165 10014 9991 7951 9870 10028 10047 10267 5723 4259 4114 6090 4060 1860 4666 9625 7373 13162 6797 3168 13989 13810 2439 8141 3668 3991 7348 4248 9258 8375 3541 2953 3511 3714 2625 4417 7346 696 11744 3121 1713 6042 5759 1297 5356 9138 5870 
3536 2881 4203 4840 2231 4432 3613 5273 4640 3583 4478 4377 3156 4000 4348 3480 5010 5665 5088 4682 5088 4921 4846 4682 5759 4956 4829 5805 6201 4265 4825 6547 5842 4052 3016 3427 3372 4618 4254 3322 3840 4086 3856 2101 1740 706 844 0 492 2738 2466 2279 367 1556 2056 1816 1903 4254 5759 5214 4989 5246 12830 4234 4989 2870 5987 7071 8532 7991 7498 5337 6253 6236 8080 7030 5926 6824 5730 5814 8304 10083 10020 8101 10479 10635 10638 10850 6567 4890 4812 6934 3285 1100 4047 10115 6860 12518 7626 3856 13864 13758 1986 8939 4020 4348 6613 4593 9781 8975 3036 2648 4348 4114 3123 5042 7472 259 12141 3573 2065 5819 5214 2002 6187 9236 5054 
3603 2964 4086 4857 2139 4441 3624 5250 4596 3480 4432 4514 3117 4158 4385 3583 5058 5708 5096 4733 5128 4946 4846 4682 6060 5210 5026 6149 6513 4478 4997 6860 6158 4331 3236 3633 3558 4906 4548 3613 4035 4410 4119 2439 2117 580 478 492 0 2708 2547 2075 232 1774 1640 1724 2026 4000 5560 5032 4783 5042 12905 3968 4505 2461 5926 7054 8537 7960 7428 5337 6234 6242 8145 7110 5987 6953 5862 5971 8458 10278 10235 8249 10332 10490 10504 10723 6135 4722 4589 6501 3777 1392 4518 10055 7304 12999 7162 3641 14158 14016 2391 8612 4040 4367 6870 4620 9698 8834 3089 2555 3959 4104 3045 4879 7632 259 12144 3528 2065 6149 5666 1767 5810 9414 5534 
1050 676 1548 2158 625 1740 935 2544 1903 935 1740 2091 418 1870 1713 1166 2389 3025 2391 2075 2447 2252 2139 1975 4256 3236 2794 4618 4733 2391 2668 5067 4440 2648 1561 1713 1556 3168 2907 2216 1945 2994 2389 2026 2207 3281 2320 2738 2708 0 625 1044 2544 1526 2216 998 1050 2133 3256 2678 2555 2784 10232 2179 4890 2391 3250 4348 5829 5260 4762 2630 3528 3536 5472 4463 3324 4402 3348 3528 5944 7851 7876 5723 7799 7951 7940 8145 5424 2332 2461 5763 4676 3800 4514 7378 6570 12632 6812 1616 12064 11773 2461 6848 1353 1673 9220 1931 7046 6291 5763 5260 3121 1397 464 2461 5149 2794 9436 836 676 4524 5199 1297 4576 6949 6579 
1069 418 2091 2391 883 1996 1194 2865 2285 1512 2133 1982 928 1661 1888 1038 2544 3200 2645 2216 2625 2466 2414 2252 3891 2909 2576 4182 4368 2088 2504 4711 4052 2201 1038 1297 1166 2757 2458 1673 1624 2491 1945 1411 1628 3089 2240 2466 2547 625 0 1402 2349 1038 2461 1044 580 2757 3828 3248 3151 3372 10371 2803 5344 2803 3631 4640 6079 5569 5138 2900 3830 3787 5616 4571 3461 4410 3322 3449 5925 7778 7765 5712 8256 8404 8379 8575 6015 2900 3071 6359 4075 3461 3891 7722 6015 12060 7382 2240 11846 11615 1860 7462 1578 1903 8775 2139 7425 6750 5496 5084 3692 1713 1069 3018 5105 2576 9684 1297 580 4111 4605 1548 5194 6898 5971 
2091 1661 2052 3062 519 2650 1913 3346 2671 1486 2509 3134 1323 2909 2678 2207 3340 3946 3269 3045 3382 3168 3009 2853 5261 4254 3835 5580 5739 3414 3712 6078 5433 3598 2439 2678 2533 4145 3856 3065 2957 3891 3340 2483 2491 2648 1612 2279 2075 1044 1402 0 1982 1713 1183 625 1397 1986 3490 2957 2715 2973 11122 1975 3944 1402 3941 5128 6635 6002 5416 3482 4315 4377 6381 5407 4265 5402 4368 4561 6949 8872 8908 6725 8259 8417 8435 8657 4795 2648 2533 5153 4916 3378 5058 8045 7378 13390 6090 1578 13108 12813 2806 6732 2311 2607 8892 2865 7664 6764 5153 4530 2447 2285 1142 2806 6165 2240 10219 1661 906 5502 5908 328 4145 7964 6823 
3412 2767 3959 4682 1996 4268 3449 5088 4441 3346 4278 4306 2957 3946 4203 3382 4873 5526 4924 4548 4946 4769 4676 4512 5829 4983 4807 5917 6281 4256 4783 6628 5926 4101 3012 3412 3340 4676 4317 3382 3816 4178 3891 2207 1888 743 478 367 232 2544 2349 1982 0 1548 1689 1578 1816 3939 5472 4935 4698 4956 12716 3913 4640 2504 5779 6892 8368 7803 7285 5168 6072 6072 7958 6918 5800 6749 5657 5760 8249 10061 10014 8041 10222 10379 10388 10604 6200 4618 4512 6567 3624 1411 4317 9910 7087 12805 7263 3558 13928 13790 2167 8597 3863 4190 6921 4441 9561 8721 3225 2738 3986 3937 2900 4773 7421 259 11977 3372 1888 5917 5453 1689 5829 9200 5411 
2065 1416 3071 3412 1323 3025 2231 3899 3322 2461 3168 2832 1913 2447 2900 1969 3536 4190 3668 3208 3624 3480 3443 3283 4298 3435 3275 4432 4757 2715 3269 5105 4408 2563 1467 1874 1816 3141 2786 1856 2285 2678 2346 836 778 2240 1628 1556 1774 1526 1038 1713 1548 0 2349 1094 478 3528 4779 4202 4062 4298 11304 3549 5453 2953 4669 5664 7085 6596 6175 3925 4858 4802 6570 5511 4429 5276 4182 4259 6749 8531 8474 6547 9287 9436 9414 9611 6505 3856 3946 6864 3236 2461 3372 8755 5870 11794 7773 3036 12388 12242 1094 8302 2607 2928 7738 3156 8462 7780 4530 4203 4158 2750 1986 3986 5916 1724 10683 2311 935 4414 4315 1649 5838 7681 5149 
3267 2786 3089 4222 1624 3816 3095 4463 3787 2594 3631 4306 2504 4060 3856 3366 4512 5105 4417 4222 4549 4331 4158 4007 6350 5367 4988 6613 6827 4537 4878 7170 6506 4643 3461 3757 3626 5210 4895 4035 4075 4879 4391 3185 3045 2091 1211 2056 1640 2216 2461 1183 1689 2349 0 1435 2240 2607 4248 3787 3480 3735 12248 2547 3121 820 4989 6210 7722 7053 6417 4618 5411 5500 7527 6571 5431 6583 5551 5742 8131 10055 10089 7906 9075 9237 9280 9513 4512 3528 3250 4879 5214 3025 5665 9029 8216 14132 5611 2380 14270 13989 3372 7022 3490 3778 8432 4035 8613 7610 4440 3685 2323 3449 2311 3692 7348 1888 11275 2825 1888 6556 6662 928 4178 9147 7056 
1982 1411 2389 3156 418 2738 1931 3528 2872 1771 2708 2982 1397 2691 2706 2026 3382 4022 3388 3065 3443 3250 3134 2971 4921 3951 3613 5179 5397 3132 3528 5742 5074 3208 2026 2332 2207 3777 3461 2607 2668 3449 2957 1888 1870 2303 1323 1816 1724 998 1044 625 1578 1094 1435 0 836 2552 3968 3412 3208 3461 11229 2555 4440 1903 4203 5332 6820 6236 5708 3624 4512 4530 6468 5453 4317 5364 4292 4446 6898 8780 8782 6680 8664 8819 8823 9036 5411 3082 3051 5770 4292 2909 4457 8333 6853 12834 6685 2101 12889 12648 2189 7323 2349 2671 8401 2928 7983 7159 4802 4268 3065 2391 1323 3231 6090 1834 10425 1805 464 5121 5347 580 4769 7889 6200 
1640 984 2594 2971 935 2576 1771 3443 2853 1986 2698 2491 1435 2133 2466 1578 3117 3773 3225 2789 3200 3045 2994 2832 4182 3256 3012 4391 4653 2480 2973 5000 4317 2447 1276 1640 1548 3025 2691 1801 2026 2645 2207 1094 1183 2547 1774 1903 2026 1050 580 1397 1816 478 2240 836 0 3095 4306 3728 3596 3830 10927 3123 5276 2738 4203 5220 6657 6149 5712 3480 4410 4367 6179 5128 4027 4935 3842 3946 6434 8256 8222 6225 8811 8961 8941 9140 6177 3382 3488 6531 3663 2881 3668 8301 6016 12004 7486 2594 12225 12036 1467 7858 2158 2483 8210 2718 8000 7304 4924 4537 3830 2288 1512 3511 5607 2029 10261 1834 519 4348 4518 1416 5453 7389 5574 
2625 2706 1249 2645 2216 2391 2216 2555 2026 1397 1945 3443 1931 3461 2594 2872 3012 3382 2708 2865 2982 2757 2504 2422 5855 4828 4218 6359 6308 4040 4000 6605 6082 4512 3603 3624 3461 4932 4757 4248 3692 4932 4268 4145 4278 4549 3522 4254 4000 2133 2757 1986 3939 3528 2607 2552 3095 0 1649 1255 906 1148 10061 116 3714 2052 2757 4000 5472 4723 4000 2794 3299 3497 5530 4757 3728 5022 4222 4512 6500 8471 8612 6268 6473 6635 6685 6921 3480 1100 656 3787 6757 5347 6643 6542 8545 14623 4956 519 13026 12554 4558 4779 2349 2439 10860 2607 6090 5020 7008 6288 1512 2129 1713 1249 5842 4192 8893 1805 2594 6218 7271 2252 2483 7544 8669 
3236 3613 1744 2483 3573 2491 2844 2052 1972 2323 2026 3641 2900 3840 2750 3490 2794 2832 2380 2832 2708 2555 2320 2349 5926 4989 4315 6542 6321 4360 4060 6562 6179 4983 4391 4256 4111 5252 5188 4956 4158 5453 4783 5225 5453 6125 5088 5759 5560 3256 3828 3490 5472 4779 4248 3968 4306 1649 0 580 778 519 8668 1724 4956 3692 1724 2786 4119 3322 2533 2303 2311 2607 4422 3889 3123 4359 3877 4203 5657 7576 7794 5433 4828 4989 5036 5273 3913 928 998 4111 7896 6860 7512 4956 8952 14968 5402 1920 12270 11672 5685 3793 2715 2594 12366 2607 4478 3372 8612 7919 2803 2458 2794 820 5149 5730 7367 2563 3872 6359 7906 3793 2645 6669 9778 
2678 3036 1166 2052 3012 1996 2279 1713 1486 1744 1512 3156 2320 3324 2252 2935 2391 2544 1996 2380 2320 2139 1888 1888 5496 4530 3863 6090 5908 3861 3613 6165 5744 4463 3826 3707 3558 4762 4676 4402 3631 4928 4254 4646 4873 5603 4565 5214 5032 2678 3248 2957 4935 4202 3787 3412 3728 1255 580 0 367 259 8841 1353 4825 3297 1624 2822 4256 3490 2750 1972 2207 2461 4414 3757 2865 4145 3541 3861 5530 7482 7667 5302 5312 5472 5502 5731 4073 348 625 4311 7316 6313 6949 5290 8462 14500 5580 1416 12129 11583 5105 4331 2179 2091 11813 2139 4846 3830 8101 7432 2617 1920 2216 259 4956 5194 7640 1986 3299 5915 7373 3269 2853 6562 9200 
2698 2982 1142 2252 2822 2133 2285 1982 1649 1640 1640 3285 2231 3412 2380 2957 2607 2825 2231 2555 2547 2349 2091 2065 5665 4676 4020 6236 6090 3968 3777 6359 5908 4537 3816 3735 3581 4873 4762 4417 3701 4993 4317 4561 4762 5347 4311 4989 4783 2555 3151 2715 4698 4062 3480 3208 3596 906 778 367 0 259 9208 998 4463 2957 1975 3185 4623 3856 3113 2240 2552 2794 4769 4086 3156 4446 3787 4101 5857 7814 7991 5627 5598 5759 5800 6033 3793 418 259 4047 7226 6090 6934 5638 8563 14620 5301 1142 12444 11914 5010 4334 2252 2216 11600 2303 5184 4131 7834 7144 2252 1996 2091 478 5261 4956 8000 1945 3141 6070 7419 3016 2607 6892 9122 
2865 3185 1323 2303 3071 2228 2458 1972 1724 1860 1740 3388 2447 3541 2483 3123 2645 2803 2252 2625 2576 2391 2139 2133 5742 4769 4104 6329 6157 4086 3856 6417 5988 4676 4000 3899 3748 4989 4894 4589 3842 5138 4463 4779 4989 5607 4570 5246 5042 2784 3372 2973 4956 4298 3735 3461 3830 1148 519 259 259 0 9024 1233 4618 3200 1860 3036 4446 3668 2909 2231 2447 2708 4641 4005 3123 4402 3800 4119 5779 7727 7917 5551 5341 5502 5545 5779 3816 519 492 4052 7447 6346 7122 5407 8687 14732 5322 1402 12381 11828 5232 4145 2389 2320 11855 2380 4946 3877 8093 7402 2422 2129 2320 492 5211 5214 7786 2139 3382 6157 7576 3275 2594 6809 9339 
9305 9953 9182 8078 10845 8497 9298 7786 8462 9656 8619 8481 9849 8883 8526 9350 7850 7207 7858 8173 7786 7980 8117 8276 8204 8392 8202 8734 8058 8777 8124 7888 8337 9278 9942 9528 9537 8897 9210 9925 9114 9550 9352 11081 11494 13458 12547 12830 12905 10232 10371 11122 12716 11304 12248 11229 10927 10061 8668 8841 9208 9024 0 10169 13623 11991 7326 6078 4589 5356 6135 7640 6848 6749 4762 5800 6918 6072 7148 7137 4802 3939 4368 4946 5800 5723 5467 5283 12273 8961 9465 12351 12972 13753 11680 4190 10644 14504 13604 10023 6566 5407 11485 9928 8880 8559 18521 8301 4769 6152 15834 15454 11446 8853 9987 8811 5599 12946 1972 9469 10843 8534 11008 11439 11024 4254 14226 
2708 2767 1358 2757 2231 2499 2303 2671 2139 1476 2056 3541 1996 3551 2698 2953 3123 3497 2822 2973 3095 2870 2617 2533 5952 4923 4317 6450 6406 4131 4101 6705 6177 4593 3668 3699 3536 5020 4840 4315 3777 5010 4348 4182 4305 4512 3490 4234 3968 2179 2803 1975 3913 3549 2547 2555 3123 116 1724 1353 998 1233 10169 0 3598 1969 2870 4111 5580 4829 4101 2909 3414 3613 5645 4873 3844 5137 4334 4623 6616 8587 8728 6384 6542 6705 6758 6996 3388 1211 743 3699 6782 5323 6693 6635 8622 14701 4858 580 13141 12670 4589 4769 2447 2544 10833 2715 6179 5096 6961 6231 1397 2231 1771 1358 5957 4165 8993 1888 2617 6311 7336 2231 2414 7660 8695 
5834 5560 4884 6291 4463 5971 5515 6264 5695 4732 5587 6837 4989 6713 6122 6016 6649 7080 6389 6447 6637 6406 6165 6060 9138 8108 7600 9505 9613 7265 7428 9942 9328 7527 6381 6596 6443 8058 7786 7008 6829 7834 7267 6288 6165 4722 4203 4989 4505 4890 5344 3944 4640 5453 3121 4440 5276 3714 4956 4825 4463 4618 13623 3598 0 2547 6431 7647 9060 8272 7489 6497 6995 7207 9223 8471 7428 8712 7842 8105 10209 12181 12310 9977 9237 9399 9523 9781 2391 4779 4216 2678 8261 5706 8786 9811 11293 17247 2822 3959 16692 16255 6493 5855 5801 5988 10504 6201 9287 8000 6316 5367 2216 5645 4733 4906 9530 4762 12278 5121 4835 9414 9767 3861 3036 11253 10038 
3396 3045 2825 4119 1920 3741 3134 4256 3602 2461 3461 4432 2563 4254 3835 3549 4446 4983 4278 4190 4463 4234 4027 3891 6644 5627 5168 6979 7122 4783 5022 7457 6823 4997 3840 4073 3925 5540 5256 4463 4334 5292 4739 3777 3699 2900 2026 2870 2461 2391 2803 1402 2504 2953 820 1903 2738 2052 3692 3297 2957 3200 11991 1969 2547 0 4669 5915 7419 6705 6016 4446 5149 5283 7336 6443 5323 6547 5573 5800 8088 10043 10116 7858 8497 8660 8719 8959 3707 3089 2708 4073 5971 3844 6321 8587 8752 14734 4858 1972 14396 14048 4027 6236 3482 3728 9223 3971 8141 7062 5179 4373 1508 3382 2323 3250 7341 2708 10908 2786 2288 6898 7248 1323 3364 9122 7835 
2678 3275 1903 1397 3787 1689 2439 820 1353 2461 1512 2563 2832 2900 1888 2870 1526 1255 1160 1740 1411 1392 1297 1435 4518 3707 3045 5188 4858 3281 2789 5058 4777 3971 3777 3497 3396 4080 4119 4182 3248 4446 3835 4844 5173 6505 5501 5987 5926 3250 3631 3941 5779 4669 4989 4203 4203 2757 1724 1624 1975 1860 7326 2870 6431 4669 0 1249 2750 2065 1512 935 591 883 2794 2167 1476 2648 2320 2645 3939 5874 6078 3714 4670 4812 4769 4956 5627 1661 2216 5834 7419 7046 6729 4131 7692 13588 7122 2698 10551 9975 5322 5128 2091 1801 12404 1640 3800 3185 9004 8452 4216 1920 2881 1526 3427 6033 6288 2414 3925 4981 6870 4268 4367 4960 9200 
3603 4248 3123 2252 4924 2645 3461 1805 2466 3642 2630 3156 3937 3558 2767 3741 2179 1578 1996 2491 2075 2189 2228 2391 4530 3946 3372 5234 4769 3777 3151 4890 4783 4463 4570 4222 4158 4410 4548 4844 3889 4906 4391 5706 6073 7629 6649 7071 7054 4348 4640 5128 6892 5664 6210 5332 5220 4000 2786 2822 3185 3036 6078 4111 7647 5915 1249 0 1512 935 883 1740 820 883 1640 1397 1512 2091 2332 2594 3009 4844 5105 2806 4060 4178 4075 4216 6677 2900 3435 6848 8145 8098 7267 3113 7765 13436 8145 3946 9575 8921 6174 5599 3062 2738 13341 2509 2900 2730 10105 9600 5437 2957 4027 2757 2708 7140 5096 3528 5010 5008 7196 5453 5397 3964 9828 
5020 5675 4636 3692 6417 4101 4921 3297 3968 5151 4131 4417 5424 4835 4190 5128 3551 2900 3445 3877 3461 3613 3692 3856 5225 4895 4440 5917 5341 4935 4265 5367 5453 5580 5890 5511 5472 5402 5613 6070 5138 5979 5560 7046 7432 9108 8141 8532 8537 5829 6079 6635 8368 7085 7722 6820 6657 5472 4119 4256 4623 4446 4589 5580 9060 7419 2750 1512 0 812 1624 3200 2320 2297 1100 1888 2706 2555 3301 3461 2607 4022 4385 2491 3490 3558 3378 3435 7889 4373 4879 8017 9352 9537 8333 1975 8372 13687 9306 5447 8715 7929 7501 6225 4512 4184 14682 3941 2026 2625 11568 11088 6868 4432 5526 4222 2757 8613 3609 5020 6480 5685 8072 6960 6612 3285 10934 
4537 5180 3968 3185 5824 3573 4385 2718 3364 4518 3528 4073 4846 4481 3701 4676 3113 2499 2928 3425 3009 3123 3156 3318 5252 4769 4234 5957 5437 4670 4027 5515 5496 5347 5501 5149 5088 5252 5416 5759 4807 5779 5290 6640 7008 8537 7546 7991 7960 5260 5569 6002 7803 6596 7053 6236 6149 4723 3322 3490 3856 3668 5356 4829 8272 6705 2065 935 812 0 812 2671 1740 1816 1561 1913 2391 2645 3141 3364 3117 4722 5054 2957 3281 3382 3250 3366 7077 3631 4114 7207 9061 9025 8145 2179 8467 13983 8497 4735 9447 8694 7107 5511 3991 3668 14276 3443 2002 2129 11022 10499 6090 3877 4921 3476 3065 8053 4222 4432 5926 5726 8007 6329 5800 3925 10720 
4158 4773 3364 2825 5290 3168 3944 2285 2865 3951 3025 3872 4343 4254 3340 4331 2844 2323 2568 3123 2730 2789 2757 2909 5402 4779 4178 6105 5650 4537 3944 5773 5657 5232 5211 4895 4812 5225 5337 5551 4596 5689 5137 6313 6657 8007 6996 7498 7428 4762 5138 5416 7285 6175 6417 5708 5712 4000 2533 2750 3113 2909 6135 4101 7489 6016 1512 883 1624 812 0 2311 1411 1624 2231 2252 2332 2964 3185 3461 3735 5453 5759 3551 3267 3396 3322 3490 6265 2928 3372 6397 8834 8559 8034 2630 8638 14319 7688 4060 10190 9467 6789 4828 3581 3275 13905 3082 2288 1870 10510 9942 5322 3425 4385 2767 3536 7540 4894 3925 5437 5881 8025 5744 4988 4620 10566 
1870 2509 1640 519 3225 906 1724 259 844 2026 991 1628 2228 1975 1038 2026 591 591 259 820 478 478 492 656 3668 2803 2133 4317 4040 2346 1874 4268 3925 3036 2900 2594 2504 3156 3185 3267 2323 3511 2902 4007 4359 5908 4946 5337 5337 2630 2900 3482 5168 3925 4618 3624 3480 2794 2303 1972 2240 2231 7640 2909 6497 4446 935 1740 3200 2671 2311 0 935 906 2909 2002 935 2231 1578 1903 3712 5684 5819 3480 5551 5688 5627 5800 6032 1834 2422 6279 6530 6359 5800 4835 6798 12741 7540 2563 10241 9761 4481 5952 1323 998 11621 778 4570 4086 8373 7890 4306 1233 2349 1767 3051 5414 6809 1834 3281 4119 5939 3800 4825 4756 8288 
2806 3443 2334 1453 4104 1834 2645 984 1649 2832 1812 2461 3117 2844 1972 2957 1435 935 1194 1724 1323 1402 1416 1578 4158 3435 2806 4847 4463 3134 2563 4636 4417 3830 3816 3490 3412 3856 3946 4140 3185 4292 3728 4935 5292 6809 5829 6253 6234 3528 3830 4315 6072 4858 5411 4512 4410 3299 2311 2207 2552 2447 6848 3414 6995 5149 591 820 2320 1740 1411 935 0 328 2231 1578 1038 2091 1920 2231 3348 5283 5486 3123 4676 4807 4732 4895 6218 2216 2786 6422 7428 7285 6628 3899 7374 13194 7712 3192 9960 9384 5407 5587 2252 1931 12556 1713 3641 3248 9287 8780 4779 2139 3208 2091 2853 6321 5915 2708 4190 4631 6662 4640 4956 4368 9154 
2738 3388 2458 1397 4131 1805 2625 1038 1713 2907 1870 2279 3134 2678 1903 2865 1297 706 1148 1612 1194 1323 1397 1561 3856 3166 2555 4549 4150 2921 2320 4317 4114 3613 3687 3340 3275 3603 3714 3968 3012 4067 3528 4825 5194 6812 5852 6236 6242 3536 3787 4377 6072 4802 5500 4530 4367 3497 2607 2461 2794 2708 6749 3613 7207 5283 883 883 2297 1816 1624 906 328 0 2056 1297 734 1771 1616 1920 3071 5022 5210 2844 4884 5010 4921 5074 6501 2436 3018 6713 7266 7248 6418 3995 7080 12878 8000 3348 9678 9122 5292 5915 2216 1888 12461 1649 3778 3488 9272 8795 4993 2139 3250 2323 2544 6316 5906 2738 4184 4331 6406 4698 5246 4101 8964 
4548 5199 4512 3324 6088 3741 4537 3082 3748 4935 3899 3777 5093 4190 3764 4605 3089 2447 3113 3412 3025 3223 3372 3528 4216 4007 3641 4894 4294 4182 3507 4298 4432 4777 5260 4857 4846 4524 4773 5341 4457 5137 4795 6417 6820 8700 7786 8080 8145 5472 5616 6381 7958 6570 7527 6468 6179 5530 4422 4414 4769 4641 4762 5645 9223 7336 2794 1640 1100 1561 2231 2909 2231 2056 0 1069 2158 1578 2509 2594 1561 3231 3528 1416 4589 4659 4478 4530 8317 4446 5010 8487 8564 9029 7454 3025 7312 12586 9784 5402 7970 7287 6848 7046 4119 3800 13998 3541 3123 3642 11098 10695 7007 4101 5241 4317 1661 8190 4218 4722 6082 4663 7098 6694 7038 2389 10061 
3507 4153 3642 2349 5084 2757 3528 2216 2844 4000 2982 2708 4100 3121 2750 3551 2075 1467 2167 2389 2026 2240 2422 2568 3366 3012 2594 4067 3528 3123 2447 3602 3603 3735 4190 3787 3777 3522 3748 4279 3388 4114 3741 5347 5751 7660 6764 7030 7110 4463 4571 5407 6918 5511 6571 5453 5128 4757 3889 3757 4086 4005 5800 4873 8471 6443 2167 1397 1888 1913 2252 2002 1578 1297 1069 0 1142 734 1453 1578 1774 3728 3913 1548 5188 5283 5137 5232 7794 3719 4306 8000 7522 7967 6457 3856 6562 12096 9289 4561 8384 7827 5779 6984 3113 2803 12934 2544 3830 4007 10041 9655 6264 3123 4265 3613 1323 7147 5276 3748 5054 3835 6187 5712 6533 2806 9061 
2391 3045 2555 1211 3944 1616 2389 1183 1744 2870 1870 1713 2957 2129 1612 2461 935 348 1050 1255 883 1100 1297 1435 3123 2447 1860 3816 3425 2279 1640 3603 3382 2957 3185 2806 2767 2900 3036 3382 2439 3396 2900 4343 4733 6542 5632 5926 5987 3324 3461 4265 5800 4429 5431 4317 4027 3728 3123 2865 3156 3123 6918 3844 7428 5323 1476 1512 2706 2391 2332 935 1038 734 2158 1142 0 1297 883 1194 2786 4757 4884 2555 5569 5689 5587 5726 6938 2757 3348 7174 6680 6890 5759 4549 6346 12158 8445 3482 9307 8828 4795 6595 1972 1661 11977 1402 4391 4202 8950 8538 5241 1982 3123 2678 2117 6033 6268 2607 3925 3598 5695 4570 5712 3830 8329 
3382 3995 3830 2439 5026 2806 3490 2480 3018 4086 3132 2447 4080 2832 2730 3372 2101 1640 2323 2366 2091 2323 2552 2671 2671 2439 2139 3364 2806 2708 2052 2870 2900 3250 3877 3461 3480 2957 3223 3863 3045 3583 3297 5010 5424 7482 6643 6824 6953 4402 4410 5402 6749 5276 6583 5364 4935 5022 4359 4145 4446 4402 6072 5137 8712 6547 2648 2091 2555 2645 2964 2231 2091 1771 1578 734 1297 0 1094 1069 1548 3497 3598 1323 5915 6007 5857 5944 8217 4052 4643 8445 7023 7702 5881 4530 5842 11367 9723 4757 8010 7544 5414 7629 3095 2822 12505 2576 4537 4739 9791 9469 6533 3166 4278 3968 820 6964 5759 3777 4935 3132 5530 5689 6979 2576 8487 
2311 2909 2982 1578 3968 1870 2461 1834 2201 3134 2279 1353 3051 1740 1740 2285 1211 1069 1556 1397 1249 1467 1724 1801 2240 1628 1142 2935 2547 1673 998 2738 2499 2285 2794 2380 2391 2117 2311 2832 1969 2678 2288 3937 4348 6388 5560 5730 5862 3348 3322 4368 5657 4182 5551 4292 3842 4222 3877 3541 3787 3800 7148 4334 7842 5573 2320 2332 3301 3141 3185 1578 1920 1616 2509 1453 883 1094 0 328 2607 4505 4548 2391 6384 6497 6381 6505 7576 3372 3946 7834 6070 6613 5036 5234 5467 11281 9082 3891 8853 8475 4354 7448 2091 1860 11489 1640 5137 5054 8700 8375 5712 2207 3267 3324 1801 5870 6726 2786 3856 2715 4872 4643 6388 3602 7633 
2480 3045 3267 1874 4140 2139 2671 2158 2499 3382 2568 1467 3256 1816 1986 2422 1508 1397 1870 1661 1556 1767 2026 2091 1945 1435 1069 2645 2231 1640 998 2414 2201 2189 2832 2414 2447 1945 2179 2794 1996 2544 2228 3951 4367 6485 5689 5814 5971 3528 3449 4561 5760 4259 5742 4446 3946 4512 4203 3861 4101 4119 7137 4623 8105 5800 2645 2594 3461 3364 3461 1903 2231 1920 2594 1578 1194 1069 328 0 2491 4334 4348 2288 6628 6737 6613 6729 7885 3685 4254 8147 5971 6662 4879 5416 5179 10964 9391 4165 8604 8256 4348 7773 2323 2117 11438 1913 5347 5323 8752 8462 5993 2461 3482 3641 1661 5966 6806 3018 4000 2422 4646 4825 6705 3449 7484 
4916 5515 5341 3971 6567 4348 5036 3946 4530 5627 4653 3946 5627 4306 4278 4890 3642 3134 3835 3913 3626 3856 4075 4202 3425 3609 3507 4007 3340 4086 3482 3236 3581 4518 5312 4894 4935 4104 4429 5199 4476 4760 4620 6405 6823 8975 8165 8304 8458 5944 5925 6949 8249 6749 8131 6898 6434 6500 5657 5530 5857 5779 4802 6616 10209 8088 3939 3009 2607 3117 3735 3712 3348 3071 1561 1774 2786 1548 2607 2491 0 1972 2139 232 6070 6125 5925 5947 9566 5483 6072 9767 8170 9138 6886 4367 6201 11155 11059 6268 6613 6060 6776 8563 4643 4368 13728 4119 4570 5199 11229 10952 8012 4711 5825 5381 836 8456 4895 5323 6463 3793 6291 7234 8302 1044 9453 
6809 7378 7312 5934 8469 6303 6962 5917 6500 7584 6621 5800 7553 6126 6218 6756 5598 5105 5805 5857 5587 5819 6042 6165 4693 5194 5256 5088 4429 5819 5283 4190 4760 6129 7067 6657 6721 5632 5988 6851 6247 6274 6278 8093 8509 10771 10014 10083 10278 7851 7778 8872 10061 8531 10055 8780 8256 8471 7576 7482 7814 7727 3939 8587 12181 10043 5874 4844 4022 4722 5453 5684 5283 5022 3231 3728 4757 3497 4505 4334 1972 0 478 2204 7159 7174 6939 6891 11489 7447 8034 11677 9528 10843 8121 5290 6749 10748 12972 8239 4739 4101 8417 10230 6579 6316 15101 6072 5665 6613 12924 12720 9982 6662 7762 7341 2708 10253 4825 7267 8333 4921 7285 9147 10217 928 10562 
6827 7373 7428 6032 8487 6384 7007 6060 6616 7664 6729 5801 7597 6105 6281 6757 5685 5232 5921 5926 5684 5916 6149 6264 4505 5088 5211 4846 4203 5759 5261 3941 4548 6020 7007 6603 6678 5500 5862 6749 6200 6129 6184 7997 8410 10714 9991 10020 10235 7876 7765 8908 10014 8474 10089 8782 8222 8612 7794 7667 7991 7917 4368 8728 12310 10116 6078 5105 4385 5054 5759 5819 5486 5210 3528 3913 4884 3598 4548 4348 2139 478 0 2366 7591 7610 7378 7336 11704 7612 8202 11903 9313 10743 7881 5731 6381 10274 13196 8355 4478 3946 8300 10564 6637 6389 14874 6152 6090 6996 12814 12645 10125 6737 7814 7514 2784 10199 5302 7331 8329 4693 6996 9173 10439 1142 10280 
4698 5301 5109 3741 6346 4119 4812 3714 4298 5397 4422 3735 5402 4101 4052 4676 3414 2902 3603 3687 3396 3626 3844 3971 3322 3449 3318 3925 3267 3898 3283 3185 3490 4348 5116 4698 4735 3951 4268 5020 4279 4605 4441 6218 6635 8769 7951 8101 8249 5723 5712 6725 8041 6547 7906 6680 6225 6268 5433 5302 5627 5551 4946 6384 9977 7858 3714 2806 2491 2957 3551 3480 3123 2844 1416 1548 2555 1323 2391 2288 232 2204 2366 0 5971 6032 5838 5869 9341 5252 5842 9544 8028 8944 6764 4305 6175 11225 10835 6036 6837 6291 6595 8375 4417 4140 13576 3891 4481 5058 11035 10749 7780 4482 5599 5151 656 8250 4956 5096 6247 3707 6205 7011 8078 1276 9341 
7346 7924 6279 6052 8249 6359 7080 5486 5979 6903 6126 7137 7389 7514 6556 7540 6103 5587 5801 6371 5988 6029 5965 6105 8532 8005 7428 9237 8715 7803 7200 8782 8777 8497 8443 8145 8053 8469 8597 8811 7858 8951 8403 9513 9833 10906 9870 10479 10332 7799 8256 8259 10222 9287 9075 8664 8811 6473 4828 5312 5598 5341 5800 6542 9237 8497 4670 4060 3490 3281 3267 5551 4676 4884 4589 5188 5569 5915 6384 6628 6070 7159 7591 5971 0 164 348 591 7316 5611 5825 7281 12080 11570 11300 1888 11748 17175 8401 6726 11558 10587 9991 4317 6756 6471 17017 6304 1512 1508 13410 12741 7384 6567 7373 5453 6236 10481 3891 6979 8469 9007 11254 8575 6247 6596 13829 
7489 8070 6434 6191 8404 6501 7227 5627 6126 7057 6274 7267 7540 7647 6696 7681 6236 5714 5939 6506 6122 6165 6105 6247 8634 8120 7548 9339 8811 7930 7323 8872 8878 8622 8582 8281 8191 8587 8719 8944 7991 9075 8532 9656 9979 11064 10028 10635 10490 7951 8404 8417 10379 9436 9237 8819 8961 6635 4989 5472 5759 5502 5723 6705 9399 8660 4812 4178 3558 3382 3396 5688 4807 5010 4659 5283 5689 6007 6497 6737 6125 7174 7610 6032 164 0 259 464 7471 5770 5987 7433 12218 11725 11427 1888 11845 17245 8547 6886 11541 10559 10134 4446 6900 6613 17168 6443 1556 1661 13569 12902 7548 6713 7527 5611 6311 10638 3800 7130 8622 9108 11369 8734 6406 6628 13961 
7447 8038 6435 6135 8407 6457 7196 5578 6096 7056 6247 7190 7527 7576 6644 7633 6165 5627 5881 6443 6052 6105 6055 6200 8497 8007 7447 9200 8662 7842 7226 8715 8738 8532 8526 8216 8131 8481 8622 8872 7917 8980 8449 9612 9942 11081 10047 10638 10504 7940 8379 8435 10388 9414 9280 8823 8941 6685 5036 5502 5800 5545 5467 6758 9523 8719 4769 4075 3378 3250 3322 5627 4732 4921 4478 5137 5587 5857 6381 6613 5925 6939 7378 5838 348 259 0 259 7632 5792 6033 7604 12155 11725 11338 1649 11698 17058 8733 6918 11288 10302 10089 4663 6860 6567 17151 6389 1358 1673 13588 12934 7639 6680 7522 5632 6135 10647 3549 7114 8613 8969 11253 8755 6547 6406 13883 
7631 8229 6648 6311 8619 6640 7389 5759 6291 7267 6443 7348 7730 7738 6823 7813 6330 5779 6055 6613 6218 6278 6236 6383 8597 8133 7584 9298 8749 7991 7367 8793 8835 8678 8700 8384 8302 8612 8762 9034 8078 9122 8601 9794 10129 11300 10267 10850 10723 8145 8575 8657 10604 9611 9513 9036 9140 6921 5273 5731 6033 5779 5283 6996 9781 8959 4956 4216 3435 3366 3490 5800 4895 5074 4530 5232 5726 5944 6505 6729 5947 6891 7336 5869 591 464 259 0 7891 6016 6268 7862 12323 11934 11483 1612 11785 17094 8989 7147 11185 10185 10271 4906 7046 6750 17349 6567 1411 1903 13808 13162 7890 6871 7731 5855 6191 10863 3348 7316 8819 9067 11373 8977 6806 6388 14038 
6090 6072 4698 6019 5246 5829 5689 5773 5397 4857 5352 6918 5332 6939 6050 6329 6381 6613 6020 6288 6329 6122 5862 5814 9332 8307 7689 9838 9781 7519 7465 10071 9561 7967 6976 7056 6892 8407 8217 7632 7159 8368 7717 7271 7281 6506 5723 6567 6135 5424 6015 4795 6200 6505 4512 5411 6177 3480 3913 4073 3793 3816 12273 3388 2391 3707 5627 6677 7889 7077 6265 6032 6218 6501 8317 7794 6938 8217 7576 7885 9566 11489 11704 9341 7316 7471 7632 7891 0 4205 3631 367 9650 7486 9846 8216 11976 18048 1508 3951 16178 15584 7600 3536 5825 5890 12646 6029 7652 6278 8469 7548 2349 5598 5086 4265 9024 6389 10720 5273 5664 9698 10620 4879 1281 10581 11531 
2349 2691 820 1834 2678 1724 1945 1578 1233 1397 1233 2881 1972 3025 1975 2607 2189 2422 1816 2139 2129 1931 1673 1649 5252 4268 3609 5829 5675 3573 3364 5942 5496 4158 3490 3382 3231 4478 4377 4073 3324 4620 3944 4298 4525 5295 4259 4890 4722 2332 2900 2648 4618 3856 3528 3082 3382 1100 928 348 418 519 8961 1211 4779 3089 1661 2900 4373 3631 2928 1834 2216 2436 4446 3719 2757 4052 3372 3685 5483 7447 7612 5252 5611 5770 5792 6016 4205 0 591 4463 6969 5988 6613 5511 8173 14223 5712 1148 12057 11542 4757 4659 1870 1812 11482 1888 5086 4119 7799 7147 2563 1612 1870 164 4869 4878 7820 1640 2957 5660 7057 2964 3025 6522 8853 
2706 2935 1160 2389 2678 2228 2288 2167 1771 1578 1740 3364 2167 3461 2466 2964 2750 3012 2391 2671 2698 2491 2231 2189 5763 4760 4114 6316 6196 4027 3877 6473 6002 4571 3793 3741 3583 4932 4802 4410 3735 5019 4343 4482 4663 5149 4114 4812 4589 2461 3071 2533 4512 3946 3250 3051 3488 656 998 625 259 492 9465 743 4216 2708 2216 3435 4879 4114 3372 2422 2786 3018 5010 4306 3348 4643 3946 4254 6072 8034 8202 5842 5825 5987 6033 6268 3631 591 0 3899 7137 5911 6898 5893 8607 14675 5137 957 12649 12131 4921 4391 2303 2303 11425 2414 5436 4367 7626 6923 2002 2052 2002 696 5461 4769 8259 1920 3016 6157 7425 2825 2483 7110 9040 
6406 6406 4989 6288 5598 6113 6002 6020 5670 5173 5632 7215 5660 7248 6339 6649 6648 6855 6278 6566 6592 6388 6129 6088 9629 8607 7983 10145 10073 7827 7755 10360 9860 8288 7312 7382 7218 8719 8537 7967 7475 8695 8040 7625 7640 6870 6090 6934 6501 5763 6359 5153 6567 6864 4879 5770 6531 3787 4111 4311 4047 4052 12351 3699 2678 4073 5834 6848 8017 7207 6397 6279 6422 6713 8487 8000 7174 8445 7834 8147 9767 11677 11903 9544 7281 7433 7604 7862 367 4463 3899 0 10014 7851 10199 8259 12305 18380 1297 4268 16380 15766 7958 3364 6125 6177 12997 6308 7689 6304 8816 7891 2706 5893 5416 4514 9247 6756 10761 5587 6016 10001 10961 5241 1467 10776 11896 
4779 4292 6152 6029 4558 5742 5109 6599 6175 5587 6050 4989 5000 4589 5530 4561 5993 6567 6279 5712 6105 6052 6122 5988 4840 4601 4928 4478 5109 4417 5088 5382 4769 3787 3642 3939 4027 4086 3800 3301 4256 3443 3793 2671 2480 3714 4060 3285 3777 4676 4075 4916 3624 3236 5214 4292 3663 6757 7896 7316 7226 7447 12972 6782 8261 5971 7419 8145 9352 9061 8834 6530 7428 7266 8564 7522 6680 7023 6070 5971 8170 9528 9313 8028 12080 12218 12155 12323 9650 6969 7137 10014 0 2907 1508 11229 4298 9390 10822 6256 12386 12556 2216 11519 5367 5627 5578 5779 11044 10604 4298 4670 7326 5587 5137 7080 7378 3528 12777 5337 4165 4620 2730 4783 9061 8860 1913 
4518 3863 5292 5852 3322 5453 4640 6311 5695 4669 5534 5273 4218 4873 5347 4429 5993 6649 6105 5665 6079 5926 5870 5708 6346 5656 5632 6279 6756 5054 5664 7091 6389 4723 3830 4248 4222 5256 4890 3995 4666 4659 4565 2750 2334 991 1860 1100 1392 3800 3461 3378 1411 2461 3025 2909 2881 5347 6860 6313 6090 6346 13753 5323 5706 3844 7046 8098 9537 9025 8559 6359 7285 7248 9029 7967 6890 7702 6613 6662 9138 10843 10743 8944 11570 11725 11725 11934 7486 5988 5911 7851 2907 0 4027 11166 6942 12297 8445 4956 14407 14380 2458 10000 5036 5362 5515 5599 10845 10065 2091 1986 5347 5151 4203 6139 8301 1166 13140 4636 3123 6330 5283 3095 7200 10028 4432 
4278 3964 5800 5341 4601 5137 4670 5921 5627 5322 5530 4178 4739 3830 4894 4027 5221 5714 5569 4989 5337 5337 5463 5356 3480 3449 3913 3036 3692 3497 4119 3941 3372 2806 3123 3281 3414 2935 2730 2576 3482 2366 2902 2576 2625 4631 4666 4047 4518 4514 3891 5058 4317 3372 5665 4457 3668 6643 7512 6949 6934 7122 11680 6693 8786 6321 6729 7267 8333 8145 8034 5800 6628 6418 7454 6457 5759 5881 5036 4879 6886 8121 7881 6764 11300 11427 11338 11483 9846 6613 6898 10199 1508 4027 0 10269 2921 8496 11141 6125 10878 11054 2297 11266 4825 5022 6996 5116 10147 9871 5695 5944 7498 5074 4935 6696 6129 4306 11626 4989 4182 3200 1276 5020 9082 7501 2607 
6705 7341 5993 5352 7917 5730 6531 4858 5475 6580 5638 6247 6960 6657 5870 6851 5292 4676 5093 5603 5188 5295 5312 5472 7200 6848 6359 7891 7309 6823 6167 7323 7428 7489 7681 7326 7267 7348 7540 7929 6979 7906 7447 8819 9185 10635 9625 10115 10055 7378 7722 8045 9910 8755 9029 8333 8301 6542 4956 5290 5638 5407 4190 6635 9811 8587 4131 3113 1975 2179 2630 4835 3899 3995 3025 3856 4549 4530 5234 5416 4367 5290 5731 4305 1888 1888 1649 1612 8216 5511 5893 8259 11229 11166 10269 0 10334 15522 9482 6657 9675 8719 9287 5742 6148 5829 16452 5611 580 1975 13135 12571 7741 6016 7011 5347 4676 10164 2504 6542 8051 7660 10043 8373 7011 4777 12860 
5926 5908 7448 6490 6868 6468 6342 7003 6984 7148 6949 5312 6644 5151 6210 5675 6225 6463 6640 6129 6329 6435 6648 6605 3236 3995 4669 2533 3036 4601 4928 3016 2982 4040 5010 4924 5088 3701 3805 4354 4873 3613 4278 5036 5242 7489 7373 6860 7304 6570 6015 7378 7087 5870 8216 6853 6016 8545 8952 8462 8563 8687 10644 8622 11293 8752 7692 7765 8372 8467 8638 6798 7374 7080 7312 6562 6346 5842 5467 5179 6201 6749 6381 6175 11748 11845 11698 11785 11976 8173 8607 12305 4298 6942 2921 10334 0 6079 13382 8045 8435 8823 4935 12720 6311 6371 9234 6346 10377 10495 8584 8865 9691 6567 6890 8204 5685 7117 11081 6744 6473 2757 1661 7432 11022 6422 4360 
12004 11977 13516 12487 12891 12505 12419 12966 13015 13227 12993 11345 12720 11214 12250 11753 12194 12334 12612 12136 12290 12421 12649 12622 9075 9979 10653 8430 8734 10652 10910 8564 8817 10116 11074 11002 11166 9747 9877 10417 10946 9691 10356 10961 11090 13051 13162 12518 12999 12632 12060 13390 12805 11794 14132 12834 12004 14623 14968 14500 14620 14732 14504 14701 17247 14734 13588 13436 13687 13983 14319 12741 13194 12878 12586 12096 12158 11367 11281 10964 11155 10748 10274 11225 17175 17245 17058 17094 18048 14223 14675 18380 9390 12297 8496 15522 6079 0 19441 14123 9465 10469 10765 18693 12373 12413 12301 12366 15701 16101 13429 13983 15750 12627 12964 14245 10943 12776 15569 12822 12485 8622 7486 13412 17100 10897 8256 
7540 7475 6187 7522 6570 7324 7147 7281 6900 6311 6851 8399 6758 8401 7540 7773 7885 8121 7527 7786 7835 7626 7367 7315 10810 9781 9173 11300 11263 8981 8952 11559 11035 9402 8373 8481 8317 9860 9656 9029 8607 9789 9149 8570 8538 7454 6797 7626 7162 6812 7382 6090 7263 7773 5611 6685 7486 4956 5402 5580 5301 5322 13604 4858 2822 4858 7122 8145 9306 8497 7688 7540 7712 8000 9784 9289 8445 9723 9082 9391 11059 12972 13196 10835 8401 8547 8733 8989 1508 5712 5137 1297 10822 8445 11141 9482 13382 19441 0 5407 17672 17063 8862 4259 7304 7381 13323 7527 8908 7514 9138 8187 3692 7083 6505 5773 10528 7421 11977 6729 6984 11166 11980 6125 2757 12070 12665 
2139 2189 928 2332 1740 2026 1740 2346 1740 906 1628 3009 1416 2994 2201 2380 2691 3134 2436 2504 2678 2447 2207 2101 5411 4377 3787 5893 5870 3573 3581 6175 5632 4020 3089 3121 2957 4457 4268 3735 3208 4432 3773 3633 3777 4205 3168 3856 3641 1616 2240 1578 3558 3036 2380 2101 2594 519 1920 1416 1142 1402 10023 580 3959 1972 2698 3946 5447 4735 4060 2563 3192 3348 5402 4561 3482 4757 3891 4165 6268 8239 8355 6036 6726 6886 6918 7147 3951 1148 957 4268 6256 4956 6125 6657 8045 14123 5407 0 12734 12301 4052 5266 1920 2056 10469 2252 6234 5246 6694 6016 1834 1724 1194 1312 5573 3816 8944 1323 2101 5759 6757 1874 2994 7312 8167 
11021 11489 11813 10403 12646 10723 11262 10490 11008 11984 11108 9977 11837 10211 10587 10905 10043 9650 10319 10250 10057 10287 10532 10633 8105 8969 9283 8131 7667 9761 9396 7325 8031 9827 10954 10587 10695 9252 9613 10548 10224 9784 10043 11766 12150 14570 13989 13864 14158 12064 11846 13108 13928 12388 14270 12889 12225 13026 12270 12129 12444 12381 6566 13141 16692 14396 10551 9575 8715 9447 10190 10241 9960 9678 7970 8384 9307 8010 8853 8604 6613 4739 4478 6837 11558 11541 11288 11185 16178 12057 12649 16380 12386 14407 10878 9675 8435 9465 17672 12734 0 1211 11967 14941 10926 10712 17655 10492 10141 11240 16380 16382 14535 11059 12073 11967 7190 14076 8333 11621 12426 8078 9706 13342 14915 5613 12792 
10723 11238 11373 9977 12375 10325 10926 10000 10562 11602 10675 9684 11513 9958 10214 10633 9628 9176 9866 9863 9629 9861 10095 10209 8034 8808 9040 8165 7631 9556 9122 7304 7998 9707 10784 10397 10490 9146 9513 10439 10012 9723 9904 11680 12078 14461 13810 13758 14016 11773 11615 12813 13790 12242 13989 12648 12036 12554 11672 11583 11914 11828 5407 12670 16255 14048 9975 8921 7929 8694 9467 9761 9384 9122 7287 7827 8828 7544 8475 8256 6060 4101 3946 6291 10587 10559 10302 10185 15584 11542 12131 15766 12556 14380 11054 8719 8823 10469 17063 12301 1211 0 11923 14135 10566 10327 17954 10093 9211 10375 16402 16333 14067 10675 11737 11439 6729 13955 7226 11262 12189 8078 9948 13066 14309 5022 13134 
2645 2101 3944 3964 2391 3633 2937 4512 4027 3372 3891 3089 2786 2671 3449 2458 3995 4620 4222 3687 4100 4007 4035 3889 3889 3223 3285 3856 4305 2708 3364 4643 3939 2288 1612 1996 2029 2803 2439 1578 2391 2201 2158 478 328 2671 2439 1986 2391 2461 1860 2806 2167 1094 3372 2189 1467 4558 5685 5105 5010 5232 11485 4589 6493 4027 5322 6174 7501 7107 6789 4481 5407 5292 6848 5779 4795 5414 4354 4348 6776 8417 8300 6595 9991 10134 10089 10271 7600 4757 4921 7958 2216 2458 2297 9287 4935 10765 8862 4052 11967 11923 0 9307 3236 3522 7182 3707 9048 8497 4514 4417 5252 3435 2921 4872 5942 2231 11044 3134 1982 3891 3324 2738 6915 7625 4119 
7007 7315 5467 6231 6995 6279 6603 5730 5760 5965 5819 7419 6556 7632 6538 7265 6505 6380 6088 6592 6406 6288 6073 6122 9620 8734 8058 10267 9979 8145 7799 10185 9877 8775 8145 8038 7889 9028 8977 8732 7951 9246 8575 8872 9040 9108 8141 8939 8612 6848 7462 6732 8597 8302 7022 7323 7858 4779 3793 4331 4334 4145 9928 4769 5855 6236 5128 5599 6225 5511 4828 5952 5587 5915 7046 6984 6595 7629 7448 7773 8563 10230 10564 8375 4317 4446 4663 4906 3536 4659 4391 3364 11519 10000 11266 5742 12720 18693 4259 5266 14941 14135 9307 0 6505 6384 15454 6381 5168 3826 11399 10551 4756 6247 6393 4589 8304 8835 8123 6278 7367 10071 11698 6960 2973 9431 13426 
591 1194 1148 820 1972 418 418 1297 812 1069 706 1094 991 1160 367 812 1038 1673 1069 734 1094 906 836 676 3507 2483 1870 4027 3959 1724 1661 4259 3735 2288 1740 1548 1411 2630 2509 2252 1453 2750 2075 2757 3082 4605 3668 4020 4040 1353 1578 2311 3863 2607 3490 2349 2158 2349 2715 2179 2252 2389 8880 2447 5801 3482 2091 3062 4512 3991 3581 1323 2252 2216 4119 3113 1972 3095 2091 2323 4643 6579 6637 4417 6756 6900 6860 7046 5825 1870 2303 6125 5367 5036 4825 6148 6311 12373 7304 1920 10926 10566 3236 6505 0 328 10324 580 5862 5261 7056 6595 3748 259 1183 1920 3872 4104 8121 696 1975 3877 5194 2607 4760 5665 7193 
883 1512 1194 492 2288 116 743 991 625 1276 580 1069 1297 1249 164 1069 734 1353 743 464 778 580 519 367 3461 2461 1812 4020 3898 1771 1578 4182 3699 2391 1986 1744 1624 2671 2594 2447 1578 2865 2201 3045 3382 4932 3991 4348 4367 1673 1903 2607 4190 2928 3778 2671 2483 2439 2594 2091 2216 2320 8559 2544 5988 3728 1801 2738 4184 3668 3275 998 1931 1888 3800 2803 1661 2822 1860 2117 4368 6316 6389 4140 6471 6613 6567 6750 5890 1812 2303 6177 5627 5362 5022 5829 6371 12413 7381 2056 10712 10327 3522 6384 328 0 10635 259 5551 4983 7384 6921 3889 348 1467 1834 3613 4432 7793 957 2303 3856 5322 2909 4783 5397 7432 
9753 9132 10753 11103 8804 10739 9965 11621 11060 10129 10906 10267 9629 9849 10584 9601 11166 11798 11362 10850 11267 11157 11154 10998 10417 10129 10371 10028 10675 9817 10491 10934 10340 9258 8793 9173 9211 9625 9313 8657 9556 8971 9211 7640 7267 6350 7348 6613 6870 9220 8775 8892 6921 7738 8432 8401 8210 10860 12366 11813 11600 11855 18521 10833 10504 9223 12404 13341 14682 14276 13905 11621 12556 12461 13998 12934 11977 12505 11489 11438 13728 15101 14874 13576 17017 17168 17151 17349 12646 11482 11425 12997 5578 5515 6996 16452 9234 12301 13323 10469 17655 17954 7182 15454 10324 10635 0 10843 16186 15509 4190 5137 10723 10484 9653 11628 12922 6669 18210 10039 8553 10183 8012 8609 12571 14437 4878 
1094 1740 1358 259 2547 232 998 820 656 1512 676 1038 1556 1297 259 1249 478 1094 519 259 519 328 348 259 3364 2391 1724 3951 3787 1767 1476 4060 3609 2422 2139 1860 1755 2648 2607 2552 1640 2900 2252 3231 3581 5184 4248 4593 4620 1931 2139 2865 4441 3156 4035 2928 2718 2607 2607 2139 2303 2380 8301 2715 6201 3971 1640 2509 3941 3443 3082 778 1713 1649 3541 2544 1402 2576 1640 1913 4119 6072 6152 3891 6304 6443 6389 6567 6029 1888 2414 6308 5779 5599 5116 5611 6346 12366 7527 2252 10492 10093 3707 6381 580 259 10843 0 5347 4825 7629 7174 4080 591 1724 1888 3372 4682 7548 1211 2555 3777 5356 3168 4895 5151 7562 
6434 7056 5616 5088 7565 5447 6231 4565 5153 6218 5312 6055 6628 6457 5607 6596 5064 4478 4829 5364 4956 5042 5032 5188 7196 6764 6236 7896 7341 6669 6029 7382 7432 7348 7454 7117 7046 7252 7419 7744 6789 7782 7287 8575 8928 10278 9258 9781 9698 7046 7425 7664 9561 8462 8613 7983 8000 6090 4478 4846 5184 4946 4769 6179 9287 8141 3800 2900 2026 2002 2288 4570 3641 3778 3123 3830 4391 4537 5137 5347 4570 5665 6090 4481 1512 1556 1358 1411 7652 5086 5436 7689 11044 10845 10147 580 10377 15701 8908 6234 10141 9211 9048 5168 5862 5551 16186 5347 0 1397 12784 12194 7242 5712 6662 4921 4783 9817 3071 6210 7722 7664 9993 7991 6457 5084 12720 
5852 6422 4773 4577 6744 4869 5578 4005 4478 5396 4623 5695 5881 6060 5074 6052 4653 4178 4331 4906 4537 4561 4482 4618 7260 6649 6042 7964 7489 6381 5805 7593 7512 7077 6962 6677 6579 7091 7193 7353 6406 7540 6969 8018 8333 9410 8375 8975 8834 6291 6750 6764 8721 7780 7610 7159 7304 5020 3372 3830 4131 3877 6152 5096 8000 7062 3185 2730 2625 2129 1870 4086 3248 3488 3642 4007 4202 4739 5054 5323 5199 6613 6996 5058 1508 1661 1673 1903 6278 4119 4367 6304 10604 10065 9871 1975 10495 16101 7514 5246 11240 10375 8497 3826 5261 4983 15509 4825 1397 0 11916 11262 6033 5067 5866 3959 5194 8980 4463 5472 6961 7738 9893 7083 5105 5908 12375 
6564 5908 7175 7876 5220 7468 6649 8304 7664 6567 7501 7356 6179 6960 7382 6493 8040 8696 8124 7712 8121 7957 7881 7717 8379 7731 7722 8256 8771 7144 7755 9098 8404 6797 5921 6339 6311 7316 6952 6073 6757 6702 6648 4835 4417 2509 3541 3036 3089 5763 5496 5153 3225 4530 4440 4802 4924 7008 8612 8101 7834 8093 15834 6961 6316 5179 9004 10105 11568 11022 10510 8373 9287 9272 11098 10041 8950 9791 8700 8752 11229 12924 12814 11035 13410 13569 13588 13808 8469 7799 7626 8816 4298 2091 5695 13135 8584 13429 9138 6694 16380 16402 4514 11399 7056 7384 4190 7629 12784 11916 0 957 6643 7148 6125 7958 10392 2971 15177 6595 5096 8327 6969 4835 8467 12116 5194 
6149 5502 6580 7411 4676 6996 6179 7796 7137 5993 6973 7023 5665 6648 6939 6113 7610 8261 7650 7285 7681 7501 7399 7235 8302 7562 7471 8259 8722 6903 7472 9060 8356 6640 5656 6070 6019 7190 6823 5907 6485 6613 6463 4659 4256 1996 2953 2648 2555 5260 5084 4530 2738 4203 3685 4268 4537 6288 7919 7432 7144 7402 15454 6231 5367 4373 8452 9600 11088 10499 9942 7890 8780 8795 10695 9655 8538 9469 8375 8462 10952 12720 12645 10749 12741 12902 12934 13162 7548 7147 6923 7891 4670 1986 5944 12571 8865 13983 8187 6016 16382 16333 4417 10551 6595 6921 5137 7174 12194 11262 957 0 5800 6657 5578 7309 10119 2509 14694 6072 4620 8304 7215 4203 7600 11880 5829 
3899 3787 2730 4140 2900 3856 3528 4067 3528 2698 3435 4829 3089 4777 4035 4119 4505 4894 4216 4334 4482 4254 4005 3913 7213 6175 5607 7660 7678 5352 5407 7990 7425 5731 4682 4802 4640 6210 5987 5337 4956 6105 5475 4923 4935 4408 3511 4348 3959 3121 3692 2447 3986 4158 2323 3065 3830 1512 2803 2617 2252 2422 11446 1397 2216 1508 4216 5437 6868 6090 5322 4306 4779 4993 7007 6264 5241 6533 5712 5993 8012 9982 10125 7780 7384 7548 7639 7890 2349 2563 2002 2706 7326 5347 7498 7741 9691 15750 3692 1834 14535 14067 5252 4756 3748 3889 10723 4080 7242 6033 6643 5800 0 3558 2832 2691 7353 4202 10169 3113 3318 7540 8295 2544 1856 9055 9220 
812 1358 906 778 1996 367 519 1160 591 928 464 1323 998 1416 478 1050 1069 1661 998 812 1100 883 743 580 3735 2718 2091 4268 4182 1975 1870 4476 3968 2547 1975 1801 1661 2881 2767 2504 1713 3009 2334 2957 3267 4676 3714 4114 4104 1397 1713 2285 3937 2750 3449 2391 2288 2129 2458 1920 1996 2129 8853 2231 5645 3382 1920 2957 4432 3877 3425 1233 2139 2139 4101 3123 1982 3166 2207 2461 4711 6662 6737 4482 6567 6713 6680 6871 5598 1612 2052 5893 5587 5151 5074 6016 6567 12627 7083 1724 11059 10675 3435 6247 259 348 10484 591 5712 5067 7148 6657 3558 0 1142 1661 3959 4184 8040 625 2052 4114 5453 2594 4518 5742 7424 
1100 998 1100 1920 906 1508 812 2228 1561 478 1397 2117 259 1982 1548 1297 2201 2803 2129 1913 2240 2026 1870 1713 4417 3382 2870 4835 4890 2544 2708 5214 4618 2900 1903 1975 1812 3382 3156 2555 2129 3285 2645 2480 2671 3624 2625 3123 3045 464 1069 1142 2900 1986 2311 1323 1512 1713 2794 2216 2091 2320 9987 1771 4733 2323 2881 4027 5526 4921 4385 2349 3208 3250 5241 4265 3123 4278 3267 3482 5825 7762 7814 5599 7373 7527 7522 7731 5086 1870 2002 5416 5137 4203 4935 7011 6890 12964 6505 1194 12073 11737 2921 6393 1183 1467 9653 1724 6662 5866 6125 5578 2832 1142 0 2002 5054 3156 9123 519 1100 4722 5569 1453 4182 6848 7038 
2422 2794 928 1812 2825 1740 2026 1508 1233 1526 1255 2900 2091 3065 1996 2678 2158 2349 1771 2133 2091 1903 1649 1640 5250 4278 3613 5838 5665 3603 3364 5926 5496 4203 3573 3449 3301 4505 4417 4145 3372 4669 3995 4410 4646 5453 4417 5042 4879 2461 3018 2806 4773 3986 3692 3231 3511 1249 820 259 478 492 8811 1358 4906 3250 1526 2757 4222 3476 2767 1767 2091 2323 4317 3613 2678 3968 3324 3641 5381 7341 7514 5151 5453 5611 5632 5855 4265 164 696 4514 7080 6139 6696 5347 8204 14245 5773 1312 11967 11439 4872 4589 1920 1834 11628 1888 4921 3959 7958 7309 2691 1661 2002 0 4783 5032 7660 1744 3095 5665 7114 3123 3065 6418 8959 
4111 4698 4646 3248 5769 3603 4254 3299 3835 4884 3946 3123 4846 3476 3511 4073 2902 2461 3141 3151 2900 3132 3366 3480 2715 2794 2671 3348 2708 3250 2648 2671 2900 3692 4476 4058 4101 3297 3613 4367 3641 3951 3787 5569 5987 8145 7346 7472 7632 5149 5105 6165 7421 5916 7348 6090 5607 5842 5149 4956 5261 5211 5599 5957 9530 7341 3427 2708 2757 3065 3536 3051 2853 2544 1661 1323 2117 820 1801 1661 836 2708 2784 656 6236 6311 6135 6191 9024 4869 5461 9247 7378 8301 6129 4676 5685 10943 10528 5573 7190 6729 5942 8304 3872 3613 12922 3372 4783 5194 10392 10119 7353 3959 5054 4783 0 7626 5540 4561 5650 3123 5613 6443 7780 1801 8715 
3642 2994 4218 4924 2252 4512 3692 5337 4693 3603 4530 4518 3208 4150 4441 3603 5109 5763 5168 4783 5184 5010 4921 4757 5971 5149 4997 6033 6418 4440 4983 6764 6060 4254 3192 3598 3534 4825 4463 3528 4007 4306 4052 2323 1975 519 696 259 259 2794 2576 2240 259 1724 1888 1834 2029 4192 5730 5194 4956 5214 12946 4165 4762 2708 6033 7140 8613 8053 7540 5414 6321 6316 8190 7147 6033 6964 5870 5966 8456 10253 10199 8250 10481 10638 10647 10863 6389 4878 4769 6756 3528 1166 4306 10164 7117 12776 7421 3816 14076 13955 2231 8835 4104 4432 6669 4682 9817 8980 2971 2509 4202 4184 3156 5032 7626 0 12222 3624 2133 6042 5472 1945 6050 9399 5276 
8622 9278 8190 7301 10019 7710 8531 6898 7562 8733 7726 7958 9029 8375 7796 8719 7148 6493 7054 7475 7062 7220 7301 7465 8256 8197 7858 8878 8222 8399 7722 8131 8437 8993 9442 9049 9025 8715 8980 9556 8657 9341 9013 10602 10998 12716 11744 12141 12144 9436 9684 10219 11977 10683 11275 10425 10261 8893 7367 7640 8000 7786 1972 8993 12278 10908 6288 5096 3609 4222 4894 6809 5915 5906 4218 5276 6268 5759 6726 6806 4895 4825 5302 4956 3891 3800 3549 3348 10720 7820 8259 10761 12777 13140 11626 2504 11081 15569 11977 8944 8333 7226 11044 8123 8121 7793 18210 7548 3071 4463 15177 14694 10169 8040 9123 7660 5540 12222 0 8622 10089 8657 11152 10545 9513 4757 14228 
820 1050 820 1402 1397 991 418 1724 1069 418 906 1724 418 1673 1050 1069 1689 2285 1612 1411 1724 1508 1353 1194 4101 3065 2499 4571 4565 2252 2311 4878 4317 2708 1874 1834 1673 3134 2953 2491 1888 3134 2466 2668 2921 4104 3121 3573 3528 836 1297 1661 3372 2311 2825 1805 1834 1805 2563 1986 1945 2139 9469 1888 5121 2786 2414 3528 5020 4432 3925 1834 2708 2738 4722 3748 2607 3777 2786 3018 5323 7267 7331 5096 6979 7130 7114 7316 5273 1640 1920 5587 5337 4636 4989 6542 6744 12822 6729 1323 11621 11262 3134 6278 696 957 10039 1211 6210 5472 6595 6072 3113 625 519 1744 4561 3624 8622 0 1512 4440 5511 1972 4278 6350 7215 
1556 957 2201 2794 418 2380 1561 3208 2576 1578 2414 2533 1094 2231 2320 1578 2994 3642 3036 2671 3062 2881 2789 2625 4463 3488 3151 4733 4939 2668 3071 5283 4618 2757 1578 1870 1744 3322 3012 2179 2204 3016 2504 1612 1689 2630 1713 2065 2065 676 580 906 1888 935 1888 464 519 2594 3872 3299 3141 3382 10843 2617 4835 2288 3925 5010 6480 5926 5437 3281 4190 4184 6082 5054 3925 4935 3856 4000 6463 8333 8329 6247 8469 8622 8613 8819 5664 2957 3016 6016 4165 3123 4182 8051 6473 12485 6984 2101 12426 12189 1982 7367 1975 2303 8553 2555 7722 6961 5096 4620 3318 2052 1100 3095 5650 2133 10089 1512 0 4670 5004 991 4935 7447 6078 
3641 3856 5020 3877 4989 3937 4022 4343 4432 4858 4429 2794 4463 2767 3692 3425 3573 3735 3991 3536 3668 3805 4040 4027 478 1397 2052 232 492 2189 2303 778 232 1913 3095 2825 2973 1358 1661 2563 2594 1740 2167 3719 4086 6522 6042 5819 6149 4524 4111 5502 5917 4414 6556 5121 4348 6218 6359 5915 6070 6157 8534 6311 9414 6898 4981 5008 5685 5726 5881 4119 4631 4331 4663 3835 3598 3132 2715 2422 3793 4921 4693 3707 9007 9108 8969 9067 9698 5660 6157 10001 4620 6330 3200 7660 2757 8622 11166 5759 8078 8078 3891 10071 3877 3856 10183 3777 7664 7738 8327 8304 7540 4114 4722 5665 3123 6042 8657 4440 4670 0 2499 5657 8632 4315 5695 
4722 4571 6278 5545 5414 5431 5138 6105 5947 5890 5881 4334 5341 4073 5173 4463 5347 5726 5739 5179 5461 5515 5689 5613 2900 3250 3856 2285 2957 3602 4101 3123 2715 2935 3668 3685 3842 2806 2757 3025 3748 2458 3123 3480 3641 5834 5759 5214 5666 5199 4605 5908 5453 4315 6662 5347 4518 7271 7906 7373 7419 7576 11008 7336 9767 7248 6870 7196 8072 8007 8025 5939 6662 6406 7098 6187 5695 5530 4872 4646 6291 7285 6996 6205 11254 11369 11253 11373 10620 7057 7425 10961 2730 5283 1276 10043 1661 7486 11980 6757 9706 9948 3324 11698 5194 5322 8012 5356 9993 9893 6969 7215 8295 5453 5569 7114 5613 5472 11152 5511 5004 2499 0 5926 9750 6764 3285 
2346 1860 2380 3372 696 2957 2201 3668 2994 1812 2832 3382 1616 3132 2973 2439 3641 4254 3583 3340 3687 3476 3324 3166 5437 4446 4060 5723 5915 3613 3951 6256 5599 3744 2568 2844 2708 4305 4000 3168 3151 4007 3490 2461 2414 2334 1297 2002 1767 1297 1548 328 1689 1649 928 580 1416 2252 3793 3269 3016 3275 11439 2231 3861 1323 4268 5453 6960 6329 5744 3800 4640 4698 6694 5712 4570 5689 4643 4825 7234 9147 9173 7011 8575 8734 8755 8977 4879 2964 2825 5241 4783 3095 5020 8373 7432 13412 6125 1874 13342 13066 2738 6960 2607 2909 8609 3168 7991 7083 4835 4203 2544 2594 1453 3123 6443 1945 10545 1972 991 5657 5926 0 4305 8243 6680 
5096 5180 3613 4858 4524 4711 4682 4565 4248 3877 4222 5838 4410 5906 4946 5347 5214 5396 4835 5151 5153 4956 4698 4666 8243 7235 6595 8786 8678 6480 6359 8955 8481 6984 6082 6105 5942 7382 7226 6729 6157 7411 6744 6538 6613 6264 5356 6187 5810 4576 5194 4145 5829 5838 4178 4769 5453 2483 2645 2853 2607 2594 11024 2414 3036 3364 4367 5397 6612 5800 4988 4825 4956 5246 7038 6533 5712 6979 6388 6705 8302 10217 10439 8078 6247 6406 6547 6806 1281 3025 2483 1467 9061 7200 9082 7011 11022 17100 2757 2994 14915 14309 6915 2973 4760 4783 12571 4895 6457 5105 8467 7600 1856 4518 4182 3065 7780 6050 9513 4278 4935 8632 9750 4305 0 9313 10969 
5911 6493 6384 5010 7569 5381 6052 4989 5573 6662 5695 4916 6643 5256 5302 5869 4676 4178 4878 4939 4663 4894 5116 5241 4027 4410 4410 4505 3830 4981 4417 3641 4131 5341 6225 5810 5866 4873 5220 6050 5396 5526 5472 7281 7699 9917 9138 9236 9414 6949 6898 7964 9200 7681 9147 7889 7389 7544 6669 6562 6892 6809 4254 7660 11253 9122 4960 3964 3285 3925 4620 4756 4368 4101 2389 2806 3830 2576 3602 3449 1044 928 1142 1276 6596 6628 6406 6388 10581 6522 7110 10776 8860 10028 7501 4777 6422 10897 12070 7312 5613 5022 7625 9431 5665 5397 14437 5151 5084 5908 12116 11880 9055 5742 6848 6418 1801 9399 4757 6350 7447 4315 6764 8243 9313 0 10007 
6612 6165 8034 7803 6471 7548 6964 8381 8005 7482 7888 6694 6892 6316 7323 6381 7727 8259 8045 7468 7842 7814 7909 7786 6029 6055 6501 5502 6177 6052 6696 6380 5890 5374 5453 5703 5810 5540 5322 5022 5971 4956 5437 4561 4391 5362 5870 5054 5534 6579 5971 6823 5411 5149 7056 6200 5574 8669 9778 9200 9122 9339 14226 8695 10038 7835 9200 9828 10934 10720 10566 8288 9154 8964 10061 9061 8329 8487 7633 7484 9453 10562 10280 9341 13829 13961 13883 14038 11531 8853 9040 11896 1913 4432 2607 12860 4360 8256 12665 8167 12792 13134 4119 13426 7193 7432 4878 7562 12720 12375 5194 5829 9220 7424 7038 8959 8715 5276 14228 7215 6078 5695 3285 6680 10969 10007 0 
