130
0 119 170 248 161 508 296 200 544 430 165 383 409 425 273 88 156 187 226 201 249 301 331 285 354 244 202 221 304 242 176 404 265 149 198 417 300 331 65 319 37 325 207 313 98 181 319 348 394 105 369 528 376 174 388 505 537 388 270 382 168 136 271 282 475 389 411 300 304 242 66 452 465 504 508 127 402 355 302 170 384 553 189 419 345 356 382 308 304 320 527 403 263 342 302 401 251 321 499 227 587 523 420 174 116 327 185 197 160 297 588 121 394 197 187 274 121 175 459 391 303 380 589 203 322 235 150 90 167 82 
119 0 139 130 275 390 365 138 468 323 282 309 313 318 230 191 113 109 198 87 157 192 224 230 375 327 170 275 259 215 133 404 173 132 81 410 189 236 106 208 114 206 223 195 213 74 207 374 280 40 250 442 260 75 272 433 465 275 242 263 286 203 309 389 402 392 310 326 411 304 92 339 372 414 419 247 359 307 228 59 321 491 179 412 342 458 309 407 286 313 413 304 149 319 236 299 323 333 403 176 539 407 365 204 185 217 228 137 279 299 548 174 392 155 231 212 146 58 443 273 246 267 548 306 318 180 205 176 271 57 
170 139 0 220 257 409 464 49 596 301 279 441 262 295 369 177 250 68 336 141 118 191 211 368 503 414 308 170 399 78 271 539 131 265 189 547 193 358 105 214 135 263 349 238 216 114 212 500 368 103 300 565 338 208 290 564 595 364 107 311 317 136 428 442 532 253 272 451 465 408 104 427 490 534 540 264 498 186 363 121 457 626 44 549 203 519 441 474 424 174 493 417 176 458 373 263 419 463 516 315 677 416 503 323 129 319 342 46 300 432 686 106 527 29 125 349 71 141 581 342 135 270 686 369 179 68 311 146 333 106 
248 130 220 0 405 274 450 188 386 241 412 244 257 236 225 321 164 156 221 80 152 128 157 209 414 425 200 384 244 276 171 418 158 196 51 417 121 148 232 128 244 83 281 86 344 106 129 418 153 159 126 349 130 90 166 359 387 148 297 138 411 323 371 504 327 455 243 375 525 387 218 213 272 317 323 375 330 328 179 102 270 426 263 419 405 567 244 514 299 376 284 198 84 319 197 233 412 368 296 180 489 295 320 278 307 99 307 189 407 329 506 292 406 219 338 185 258 85 435 143 265 174 505 419 383 222 296 303 386 183 
161 275 257 405 0 650 329 303 697 555 31 537 520 549 417 86 311 307 367 346 369 434 460 434 443 265 348 177 448 299 329 509 384 297 355 527 434 491 178 455 161 477 323 461 64 321 454 433 554 249 520 685 534 336 529 656 688 548 320 532 106 129 354 229 628 377 528 390 249 299 190 613 625 663 666 67 539 413 458 315 533 698 247 529 347 305 536 276 431 332 687 564 404 470 456 519 291 423 659 379 722 662 564 287 129 488 282 301 79 411 718 153 502 285 179 427 186 325 575 548 380 515 720 191 330 323 248 113 168 224 
508 390 409 274 650 0 720 360 475 137 664 410 204 139 464 564 435 347 478 307 291 218 199 439 663 698 463 573 470 416 439 647 279 468 321 639 217 325 472 196 493 191 548 195 595 330 198 670 209 405 150 420 189 364 121 472 487 215 419 138 676 542 635 776 449 549 177 633 797 658 461 212 352 385 393 634 524 383 393 339 450 544 440 640 509 840 411 787 538 487 209 302 247 545 414 179 684 617 345 434 624 30 494 549 532 258 579 363 668 577 655 511 635 389 531 418 473 333 641 163 349 139 651 691 496 362 570 539 658 430 
296 365 464 450 329 720 0 488 531 682 301 408 678 677 286 334 286 468 251 448 522 553 585 315 159 64 261 485 301 538 281 238 538 254 408 262 548 430 361 564 333 531 175 534 302 440 564 143 542 378 571 546 544 361 616 489 516 535 566 583 226 406 102 162 472 675 673 131 165 63 360 584 521 542 541 265 341 650 363 424 380 499 484 263 634 167 408 123 237 611 656 495 506 264 346 662 45 171 558 294 489 743 383 172 390 475 142 486 251 192 470 405 237 490 465 328 415 417 314 568 596 619 474 140 612 527 160 359 161 364 
200 138 49 188 303 360 488 0 572 253 323 421 217 247 363 221 250 34 335 109 69 143 162 358 512 441 307 215 390 89 269 541 83 270 166 547 146 332 140 166 169 221 359 194 258 88 164 510 330 111 255 537 298 195 242 542 572 327 112 266 357 184 442 479 510 269 225 462 502 429 135 388 460 505 511 305 488 170 346 100 441 606 83 549 219 554 421 507 423 189 451 386 132 454 358 216 444 470 484 308 662 367 488 336 177 286 358 3 341 436 674 154 529 32 172 337 118 120 578 300 110 221 673 402 196 43 330 191 366 124 
544 468 596 386 697 475 531 572 0 549 689 161 598 547 282 632 388 538 333 462 537 493 511 262 388 555 349 742 253 660 369 322 541 400 407 300 485 240 567 480 563 394 397 424 635 485 483 403 289 508 393 57 324 393 459 43 19 287 682 394 647 666 431 671 69 841 574 401 683 493 554 264 128 91 83 641 190 711 243 476 165 77 639 300 790 697 162 649 298 761 281 198 463 268 242 566 523 361 130 318 158 505 149 428 646 295 447 573 658 340 195 639 315 600 698 270 614 455 266 343 650 488 190 602 768 607 469 629 587 523 
430 323 301 241 555 137 682 253 549 0 573 447 68 6 463 471 399 249 463 237 187 131 100 443 655 649 441 454 478 293 410 656 171 430 275 652 134 349 383 118 408 175 520 157 506 252 118 659 260 326 159 498 226 323 91 536 557 263 291 156 597 436 610 710 508 414 41 616 733 620 374 292 421 461 469 550 552 247 405 265 483 609 325 654 375 781 447 730 538 354 317 355 176 554 425 44 642 608 426 421 684 130 531 512 429 276 540 256 585 569 709 407 643 276 416 420 370 267 665 206 219 69 706 628 363 244 523 442 592 349 
165 282 279 412 31 664 301 323 689 573 0 531 540 568 408 102 308 324 357 358 387 450 477 427 421 237 340 208 438 325 324 489 402 290 362 508 450 490 192 471 172 487 308 472 70 334 469 410 559 260 530 679 541 339 543 648 680 553 347 543 76 156 332 198 620 408 548 369 218 275 203 617 622 659 662 49 527 440 453 326 524 687 272 510 378 274 530 245 416 362 692 564 417 456 449 538 265 403 657 372 708 677 553 272 153 492 264 321 50 394 702 176 483 307 208 421 208 335 557 556 405 531 704 162 360 345 232 132 142 235 
383 309 441 244 537 410 408 421 161 447 531 0 484 444 131 471 227 388 180 314 396 364 388 106 291 419 192 582 109 509 208 251 402 240 255 237 357 100 406 357 402 276 252 301 474 334 359 304 201 349 290 150 227 235 357 124 156 196 533 295 494 505 306 531 93 690 464 285 546 360 393 213 113 136 137 483 114 571 82 323 40 185 484 238 640 568 1 516 173 610 270 112 327 159 81 454 391 252 150 159 245 439 84 279 485 172 302 422 502 220 265 479 240 448 539 110 455 302 231 252 509 380 263 456 617 460 319 467 437 363 
409 313 262 257 520 204 678 217 598 68 540 484 0 65 483 438 403 222 475 231 160 131 101 466 667 640 451 404 501 240 417 675 144 433 281 674 138 384 355 130 382 208 524 183 475 239 128 670 309 307 204 549 273 329 141 581 604 311 234 205 572 396 614 691 552 348 28 624 714 616 348 347 470 512 520 522 582 181 433 254 517 654 279 676 311 764 484 715 555 292 380 401 179 576 452 32 636 621 479 435 725 195 566 512 391 312 539 220 558 583 748 368 663 235 368 442 333 262 691 256 160 110 746 611 301 199 518 408 575 328 
425 318 295 236 549 139 677 247 547 6 568 444 65 0 459 465 394 243 458 231 181 125 94 439 650 643 436 449 473 288 404 651 166 425 270 648 129 346 377 113 402 171 515 153 500 246 112 654 258 320 156 496 224 318 88 534 555 261 286 153 592 431 605 705 505 410 38 611 727 614 368 290 419 459 467 544 548 243 401 259 479 607 319 650 372 775 444 724 533 350 317 353 171 550 421 40 636 604 424 416 681 134 528 507 424 272 535 250 580 565 706 401 638 271 410 415 365 262 661 204 214 65 703 622 359 239 518 437 587 343 
273 230 369 225 417 464 286 363 282 463 408 131 483 459 0 359 123 331 51 270 359 352 382 30 198 291 71 487 32 445 101 193 369 124 209 192 345 148 310 353 298 291 121 306 357 280 355 206 267 267 321 280 277 169 380 241 272 260 472 331 366 404 186 401 214 622 469 174 416 233 298 302 240 267 268 359 131 528 78 265 117 282 409 194 572 440 130 388 75 543 372 210 306 94 60 458 263 152 277 54 316 491 148 148 384 207 171 362 376 113 320 382 180 384 447 47 365 247 216 303 465 395 321 325 548 405 189 361 307 274 
88 191 177 321 86 564 334 221 632 471 102 471 438 465 359 0 244 222 311 260 284 349 375 372 421 274 288 152 391 230 263 478 300 236 272 493 349 416 92 369 77 391 282 374 40 235 368 413 471 163 434 615 450 257 443 593 625 466 255 447 144 73 333 274 563 342 446 366 296 290 104 531 552 591 595 90 487 347 390 229 471 640 175 495 304 352 470 313 385 284 604 488 318 424 390 436 291 393 585 315 672 576 507 247 60 407 251 218 124 374 672 81 469 206 132 362 107 240 538 463 307 430 673 212 283 245 215 32 179 138 
156 113 250 164 311 435 286 250 388 399 308 227 403 394 123 244 0 220 86 174 259 274 306 130 267 264 58 364 154 327 22 292 273 32 124 298 268 185 187 282 177 246 121 249 248 175 282 268 274 147 286 373 267 76 330 349 381 267 355 298 282 283 211 353 319 501 395 221 372 224 175 326 315 351 355 262 254 419 147 159 229 399 288 300 452 410 226 356 174 424 401 259 226 208 146 384 249 223 350 72 438 458 267 114 262 204 144 249 286 188 443 260 280 267 324 118 242 145 331 289 357 335 444 268 428 292 136 242 240 151 
187 109 68 156 307 347 468 34 538 249 324 388 222 243 331 222 220 0 304 77 63 128 153 325 484 424 276 238 358 122 239 511 79 241 133 516 130 299 134 151 161 195 332 170 257 54 149 483 301 89 232 504 270 162 226 509 538 297 145 244 351 195 417 469 476 303 226 435 492 408 126 360 428 472 478 302 455 199 312 66 407 573 109 518 252 543 387 494 392 223 425 354 108 423 325 216 424 442 452 276 628 356 455 311 185 254 335 34 337 407 641 164 499 63 193 304 127 86 546 274 137 209 640 390 229 74 308 195 354 107 
226 198 336 221 367 478 251 335 333 463 357 180 475 458 51 311 86 304 0 251 339 344 375 74 192 248 28 443 81 413 65 207 352 77 194 212 337 179 267 348 253 296 79 306 307 257 349 197 291 232 331 329 296 149 385 291 323 284 440 342 315 359 158 355 265 586 463 155 371 194 257 333 285 314 316 309 176 503 115 241 168 331 373 214 538 399 179 346 88 509 406 247 296 122 103 452 224 146 322 45 361 503 197 100 339 226 125 334 325 108 363 339 195 353 404 79 324 225 245 320 441 395 364 278 513 377 139 315 258 235 
201 87 141 80 346 307 448 109 462 237 358 314 231 231 270 260 174 77 251 0 89 106 138 260 440 412 225 307 294 198 189 458 100 202 62 460 103 223 168 121 187 132 294 114 289 28 120 442 228 98 174 428 200 103 187 433 463 224 220 186 369 252 383 476 401 378 226 395 498 386 156 288 351 396 402 327 388 261 242 32 336 499 184 462 328 545 314 493 337 299 356 277 62 364 256 215 406 396 376 217 557 322 384 280 237 178 308 110 361 359 571 220 445 139 261 238 184 31 485 208 197 181 570 392 305 146 288 238 357 124 
249 157 118 152 369 291 522 69 537 187 387 396 160 181 359 284 259 63 339 89 0 75 93 348 526 481 313 283 383 139 276 546 16 285 150 549 78 300 197 98 223 163 378 133 320 85 96 527 277 147 193 498 243 191 173 511 539 275 153 202 413 252 465 531 479 310 163 480 553 461 189 333 419 464 471 365 475 176 327 101 420 579 150 551 261 604 396 555 426 233 391 344 77 453 343 153 479 482 439 306 640 298 469 361 244 243 386 72 400 446 656 222 534 98 241 326 185 114 574 241 113 152 655 451 240 80 362 256 415 168 
301 192 191 128 434 218 553 143 493 131 450 364 131 125 352 349 274 128 344 106 75 0 33 336 536 518 320 358 371 211 286 545 66 304 150 544 8 265 258 23 281 101 395 70 381 121 21 539 217 196 123 449 181 198 99 471 497 216 221 131 469 323 485 580 440 372 121 494 602 491 248 269 369 414 421 424 456 222 306 134 394 542 225 546 325 650 364 599 424 299 322 296 48 446 324 110 512 490 385 304 609 228 444 384 313 198 412 146 458 452 629 292 532 173 315 313 255 137 563 174 166 81 627 497 307 153 393 322 462 220 
331 224 211 157 460 199 585 162 511 100 477 388 101 94 382 375 306 153 375 138 93 33 0 365 567 551 351 374 400 220 318 575 80 336 182 574 38 288 285 31 310 116 427 87 409 152 29 570 228 226 127 465 192 230 86 491 516 228 227 133 499 346 517 611 461 372 89 526 633 523 276 276 385 429 436 452 483 214 333 165 419 563 241 576 327 681 388 631 455 301 323 313 80 476 352 78 544 521 399 335 632 205 469 417 337 219 444 165 487 483 653 315 562 190 332 342 278 169 591 181 164 60 651 528 309 164 426 347 493 250 
285 230 368 209 434 439 315 358 262 443 427 106 466 439 30 372 130 325 74 260 348 336 365 0 225 319 87 494 35 442 110 213 358 138 199 209 329 120 317 336 308 269 149 286 373 273 337 234 239 268 297 256 250 163 358 222 254 232 468 307 388 413 216 428 194 621 450 203 444 262 305 273 212 240 242 379 130 521 49 259 99 269 409 211 571 469 105 417 100 542 342 180 291 111 31 440 292 180 249 58 310 466 137 173 393 181 198 358 397 141 318 390 200 381 453 23 370 240 227 276 457 374 318 351 547 399 213 372 332 277 
354 375 503 414 443 663 159 512 388 655 421 291 667 650 198 421 267 484 192 440 526 536 567 225 0 206 216 571 197 581 251 79 540 243 386 103 530 344 413 540 390 486 153 498 399 442 541 16 463 402 519 412 475 339 575 347 371 457 609 529 353 486 89 318 335 742 656 54 324 150 407 493 402 414 412 376 200 681 273 426 256 347 533 104 696 323 291 282 126 669 558 395 488 132 252 645 171 46 438 234 331 689 244 182 467 405 170 510 375 86 311 475 79 524 541 245 472 412 155 501 621 587 315 277 672 554 206 437 282 397 
244 327 414 425 265 698 64 441 555 649 237 419 640 643 291 274 264 424 248 412 481 518 551 319 206 0 251 423 311 485 263 283 497 231 379 306 515 426 309 532 280 508 170 507 240 401 531 191 532 335 549 564 529 334 588 512 541 525 512 561 162 346 128 117 492 616 637 165 128 63 309 578 530 555 555 202 368 599 363 386 397 530 430 307 576 151 419 98 257 554 652 496 473 289 349 626 35 206 567 287 529 719 407 154 332 463 125 439 187 216 513 348 281 441 406 327 360 382 358 552 547 589 517 77 555 478 128 300 98 317 
202 170 308 200 348 463 261 307 349 441 340 192 451 436 71 288 58 276 28 225 313 320 351 87 216 251 0 417 103 385 37 235 325 52 170 240 314 176 241 325 228 277 86 286 287 230 326 219 282 204 314 341 283 123 365 309 341 275 412 325 302 334 173 352 281 558 440 175 370 201 230 328 292 324 326 292 201 476 119 214 185 352 345 242 510 401 191 347 116 481 402 248 272 150 111 429 229 171 329 37 386 487 219 97 313 215 126 306 311 133 389 313 223 325 378 84 297 199 273 307 413 374 390 272 485 349 133 291 249 208 
221 275 170 384 177 573 485 215 742 454 208 582 404 449 487 152 364 238 443 307 283 358 374 494 571 423 417 0 518 163 386 625 294 366 345 638 361 510 177 381 190 433 427 408 183 279 379 564 535 236 470 717 506 350 457 707 738 531 174 481 277 85 484 405 675 200 420 516 426 443 190 594 646 689 694 226 618 259 501 282 590 761 133 640 172 482 582 450 524 161 662 575 346 562 506 413 443 540 675 436 802 577 631 393 105 481 400 213 252 518 806 104 615 185 46 479 129 300 680 511 246 434 806 356 157 211 365 134 327 220 
304 259 399 244 448 470 301 390 253 478 438 109 501 473 32 391 154 358 81 294 383 371 400 35 197 311 103 518 0 474 133 179 393 155 233 174 364 147 341 371 330 304 145 321 388 306 372 207 267 297 331 254 281 195 392 211 243 260 500 340 394 436 199 424 186 651 486 181 438 251 330 297 221 244 244 390 100 554 77 292 88 250 438 176 601 459 108 408 71 572 363 200 326 77 56 475 282 153 258 84 284 498 116 175 415 213 196 390 406 117 289 414 166 412 478 59 396 273 192 308 490 409 289 351 577 432 216 393 334 304 
242 215 78 276 299 416 538 89 660 293 325 509 240 288 445 230 327 122 413 198 139 211 220 442 581 485 385 163 474 0 348 617 145 343 254 624 216 421 177 234 205 301 427 272 270 176 231 578 414 181 332 625 380 280 306 630 660 411 28 341 374 170 505 504 598 181 257 529 526 483 179 471 548 593 599 320 572 117 433 187 528 694 55 627 131 581 509 539 501 101 530 474 213 534 445 250 493 542 571 391 748 418 575 401 173 373 419 88 354 510 760 150 605 62 130 422 127 207 658 380 84 280 759 435 107 59 387 199 399 184 
176 133 271 171 329 439 281 269 369 410 324 208 417 404 101 263 22 239 65 189 276 286 318 110 251 263 37 386 133 348 0 272 289 36 136 277 280 174 209 293 198 251 111 256 266 193 293 253 269 168 290 356 266 88 337 330 362 263 375 302 294 304 201 357 300 522 407 208 376 219 197 319 300 335 338 277 233 438 129 177 208 378 309 280 473 412 208 358 154 445 394 248 238 186 127 396 246 206 335 51 417 462 246 110 283 200 141 269 299 170 421 281 260 287 345 99 263 162 310 289 376 344 422 274 449 312 138 263 248 173 
404 404 539 418 509 647 238 541 322 656 489 251 675 651 193 478 292 511 207 458 546 545 575 213 79 283 235 625 179 617 272 0 558 274 399 25 538 322 458 546 438 482 197 499 461 464 548 95 441 436 510 353 458 355 571 284 305 435 645 518 424 539 160 397 276 785 662 122 403 225 450 462 355 360 356 443 144 710 255 449 212 274 573 25 738 401 250 361 121 710 521 362 498 102 234 651 248 86 388 241 252 675 188 232 519 391 229 540 445 108 232 525 13 558 591 236 517 433 76 485 648 587 236 352 714 584 264 491 354 435 
265 173 131 158 384 279 538 83 541 171 402 402 144 166 369 300 273 79 352 100 16 66 80 358 540 497 325 294 393 145 289 558 0 299 160 560 71 305 213 89 240 160 392 130 335 99 86 541 275 164 187 500 240 203 163 516 543 273 157 196 430 266 480 547 484 311 147 494 570 477 205 330 421 466 473 381 484 170 335 115 428 584 161 562 263 620 402 571 437 235 386 346 78 464 351 137 495 495 440 317 647 285 477 375 259 246 401 85 416 459 664 236 546 110 252 335 200 127 585 237 109 140 662 467 243 87 378 271 431 184 
149 132 265 196 297 468 254 270 400 430 290 240 433 425 124 236 32 241 77 202 285 304 336 138 243 231 52 366 155 343 36 274 299 0 155 282 298 210 191 313 176 278 92 281 235 200 313 242 304 162 318 389 299 107 362 360 392 297 371 331 258 282 181 322 331 513 425 195 341 191 180 354 335 370 372 243 253 440 163 184 237 405 300 285 465 378 240 324 161 437 430 284 256 198 159 414 217 200 371 82 438 490 271 82 261 234 112 269 264 168 440 262 263 284 327 131 248 172 319 321 378 366 441 239 441 312 104 238 212 161 
198 81 189 51 355 321 408 166 407 275 362 255 281 270 209 272 124 133 194 62 150 150 182 199 386 379 170 345 233 254 136 399 160 155 0 400 145 169 185 158 195 132 245 128 294 79 158 388 199 114 175 376 179 48 209 376 406 194 278 188 360 280 335 455 344 435 271 343 476 345 171 259 302 346 351 325 326 323 181 68 275 440 233 403 385 519 255 466 278 355 332 230 102 304 195 260 369 340 330 158 496 341 323 237 262 138 266 167 356 302 510 249 386 194 300 176 217 48 425 194 259 212 509 370 362 205 251 256 337 136 
417 410 547 417 527 639 262 547 300 652 508 237 674 648 192 493 298 516 212 460 549 544 574 209 103 306 240 638 174 624 277 25 560 282 400 0 537 314 469 545 450 478 211 496 477 468 546 119 431 443 504 332 450 358 566 262 282 425 652 512 444 553 181 420 256 795 659 143 426 247 461 449 338 341 337 461 126 715 249 453 197 250 582 2 747 426 237 385 124 719 506 349 498 98 228 649 271 105 370 243 228 667 169 246 533 384 246 546 464 120 208 537 26 564 603 233 528 436 52 476 652 583 212 373 723 590 280 505 374 444 
300 189 193 121 434 217 548 146 485 134 450 357 138 129 345 349 268 130 337 103 78 8 38 329 530 515 314 361 364 216 280 538 71 298 145 537 0 257 258 21 280 94 389 63 381 119 20 533 210 195 117 442 174 193 97 464 489 209 227 126 468 325 479 577 433 379 127 488 599 486 247 262 362 406 413 423 449 229 299 131 387 534 228 539 332 647 357 596 418 305 316 288 43 439 317 116 508 484 378 298 601 228 436 379 315 190 407 148 457 445 621 294 525 176 318 306 256 133 556 168 173 81 619 494 313 157 389 323 459 219 
331 236 358 148 491 325 430 332 240 349 490 100 384 346 148 416 185 299 179 223 300 265 288 120 344 426 176 510 147 421 174 322 305 210 169 314 257 0 340 257 342 176 257 201 428 245 259 353 120 275 193 208 136 162 259 211 240 113 443 200 467 439 333 528 179 601 364 322 546 373 326 154 136 179 184 446 204 475 71 237 134 279 401 316 551 577 100 523 218 522 227 74 228 221 91 355 403 299 168 139 344 353 182 273 420 73 301 333 471 261 365 410 310 361 465 103 381 216 319 162 413 281 363 446 528 368 308 407 421 293 
65 106 105 232 178 472 361 140 567 383 192 406 355 377 310 92 187 134 267 168 197 258 285 317 413 309 241 177 341 177 209 458 213 191 185 469 258 340 0 278 29 300 262 283 123 143 277 409 384 73 342 545 361 178 352 531 562 379 205 355 217 99 333 339 500 328 360 360 362 307 14 444 477 518 523 167 441 290 325 137 413 584 124 472 283 415 406 369 351 257 516 409 226 388 329 350 316 378 508 259 625 485 454 232 79 323 246 138 203 351 629 73 448 134 137 302 59 149 509 373 240 339 630 264 259 172 213 71 228 49 
319 208 214 128 455 196 564 166 480 118 471 357 130 113 353 369 282 151 348 121 98 23 31 336 540 532 325 381 371 234 293 546 89 313 158 545 21 257 278 0 301 86 403 57 402 139 3 544 200 215 102 435 163 206 76 460 485 200 243 110 488 346 493 596 430 393 116 500 618 502 268 250 356 399 407 443 453 239 303 150 388 532 248 547 347 665 357 614 426 320 301 283 59 446 322 105 524 494 370 307 601 207 438 394 336 188 422 169 478 456 622 315 533 196 338 312 277 151 562 155 186 61 620 513 328 176 405 344 478 239 
37 114 135 244 161 493 333 169 563 408 172 402 382 402 298 77 177 161 253 187 223 281 310 308 390 280 228 190 330 205 198 438 240 176 195 450 280 342 29 301 0 316 241 301 102 163 300 385 394 88 359 543 373 181 373 525 557 389 233 372 190 106 308 310 495 352 386 336 333 279 34 453 478 518 522 142 429 319 320 155 406 576 152 453 307 386 401 340 334 282 527 412 246 373 322 376 288 356 510 249 614 507 444 209 85 330 222 166 177 331 616 87 428 163 153 295 84 164 491 386 269 362 617 235 284 202 188 66 198 63 
325 206 263 83 477 191 531 221 394 175 487 276 208 171 291 391 246 195 296 132 163 101 116 269 486 508 277 433 304 301 251 482 160 278 132 478 94 176 300 86 316 0 361 31 418 159 89 492 116 228 44 349 80 173 89 375 400 115 316 57 491 383 450 587 345 471 188 451 607 469 287 170 269 313 321 453 377 323 230 163 310 447 303 480 423 650 276 597 366 395 230 196 88 380 251 179 495 440 284 252 517 212 358 360 369 104 389 223 485 400 540 351 469 253 387 246 315 152 490 79 266 106 537 502 402 243 379 370 469 253 
207 223 349 281 323 548 175 359 397 520 308 252 524 515 121 282 121 332 79 294 378 395 427 149 153 170 86 427 145 427 111 197 392 92 245 211 389 257 262 403 241 361 0 367 269 293 403 151 368 249 399 399 369 197 448 354 385 361 456 411 255 342 90 280 330 590 516 103 295 116 255 411 361 388 388 259 221 529 193 277 233 384 381 213 544 321 251 268 108 517 484 326 347 148 179 505 145 115 398 120 401 572 252 36 322 301 51 358 269 91 395 328 188 371 394 157 321 265 255 393 468 455 397 206 520 401 76 294 191 243 
313 195 238 86 461 195 534 194 424 157 472 301 183 153 306 374 249 170 306 114 133 70 87 286 498 507 286 408 321 272 256 499 130 281 128 496 63 201 283 57 301 31 367 0 403 140 59 503 147 213 62 379 111 174 81 404 429 146 286 74 481 362 457 581 373 440 165 461 602 472 270 200 300 344 351 440 399 292 250 146 334 475 277 498 392 647 301 594 380 365 258 226 62 398 270 155 496 452 315 264 544 214 383 363 349 131 392 196 473 413 566 330 486 226 363 263 293 138 510 108 235 89 564 497 372 213 379 352 463 238 
98 213 216 344 64 595 302 258 635 506 70 474 475 500 357 40 248 257 307 289 320 381 409 373 399 240 287 183 388 270 266 461 335 235 294 477 381 428 123 402 102 418 269 403 0 265 400 390 491 190 461 621 472 272 474 595 627 485 295 474 104 110 311 235 566 378 482 345 257 263 134 550 561 599 603 50 481 387 395 257 472 638 215 479 341 312 474 274 375 322 624 501 348 415 393 472 260 375 595 316 665 608 504 233 100 425 232 256 84 359 663 121 453 244 169 365 147 266 524 487 346 462 664 175 321 284 197 72 144 165 
181 74 114 106 321 330 440 88 485 252 334 334 239 246 280 235 175 54 257 28 85 121 152 273 442 401 230 279 306 176 193 464 99 200 79 468 119 245 143 139 163 159 293 140 265 0 138 442 256 76 200 452 228 111 209 455 484 252 199 213 349 224 380 459 422 357 236 395 481 378 131 315 376 420 426 305 402 248 259 16 353 518 158 470 306 530 333 479 344 277 384 302 83 373 272 225 397 398 401 226 574 344 401 276 210 204 302 88 339 362 587 192 452 116 233 251 157 33 496 235 185 200 586 377 283 127 279 212 341 101 
319 207 212 129 454 198 564 164 483 118 469 359 128 112 355 368 282 149 349 120 96 21 29 337 541 531 326 379 372 231 293 548 86 313 158 546 20 259 277 3 300 89 403 59 400 138 0 545 202 214 105 438 166 206 78 463 488 202 241 112 487 344 493 596 432 390 115 501 618 502 266 252 358 402 409 442 454 237 304 150 390 534 246 548 344 665 359 614 428 318 304 285 59 448 323 104 524 495 372 308 603 208 440 394 334 190 423 167 477 457 624 313 535 194 336 314 276 150 563 157 183 62 622 513 326 173 405 342 477 238 
348 374 500 418 433 670 143 510 403 659 410 304 670 654 206 413 268 483 197 442 527 539 570 234 16 191 219 564 207 578 253 95 541 242 388 119 533 353 409 544 385 492 151 503 390 442 545 0 472 400 525 426 483 341 581 362 387 466 606 535 341 479 80 303 350 737 659 49 308 137 403 504 415 428 426 366 214 680 282 426 269 362 530 120 691 307 303 267 136 665 569 406 491 145 262 648 157 54 451 240 347 696 259 177 460 413 164 509 363 93 327 469 95 522 535 253 467 413 170 509 620 592 331 263 668 553 199 430 270 394 
394 280 368 153 554 209 542 330 289 260 559 201 309 258 267 471 274 301 291 228 277 217 228 239 463 532 282 535 267 414 269 441 275 304 199 431 210 120 384 200 394 116 368 147 491 256 202 472 0 312 105 240 37 221 170 276 297 7 430 105 549 476 448 626 249 586 285 440 645 483 370 60 161 203 211 519 314 438 190 254 241 350 410 433 537 681 202 627 337 509 133 97 200 340 211 278 512 418 171 248 426 238 285 378 460 70 407 331 548 380 453 445 429 362 489 220 411 238 431 55 382 199 450 542 517 356 407 455 513 335 
105 40 103 159 249 405 378 111 508 326 260 349 307 320 267 163 147 89 232 98 147 196 226 268 402 335 204 236 297 181 168 436 164 162 114 443 195 275 73 215 88 228 249 213 190 76 214 400 312 0 271 482 289 114 285 473 504 307 209 284 273 166 331 385 441 355 308 351 407 319 59 372 411 453 458 229 397 280 268 67 361 531 141 445 305 457 348 408 320 277 444 341 159 354 276 297 335 361 440 213 578 420 404 225 149 251 247 110 263 329 586 136 424 122 191 251 107 77 477 300 221 276 586 304 281 153 220 144 268 25 
369 250 300 126 520 150 571 255 393 159 530 290 204 156 321 434 286 232 331 174 193 123 127 297 519 549 314 470 331 332 290 510 187 318 175 504 117 193 342 102 359 44 399 62 461 200 105 525 105 271 0 344 69 215 68 379 401 106 343 13 534 424 487 629 350 495 181 486 650 509 329 149 266 308 316 496 397 341 255 205 326 451 338 505 448 692 290 639 396 421 200 197 124 407 276 173 535 472 275 287 525 173 374 399 410 120 429 258 529 433 551 392 497 287 425 275 355 195 512 54 288 95 548 544 429 273 420 412 512 296 
528 442 565 349 685 420 546 537 57 498 679 150 549 496 280 615 373 504 329 428 498 449 465 256 412 564 341 717 254 625 356 353 500 389 376 332 442 208 545 435 543 349 399 379 621 452 438 426 240 482 344 0 276 368 409 74 72 238 646 344 643 644 444 678 77 805 524 418 691 503 531 210 80 37 29 632 212 669 227 444 167 132 608 332 755 710 150 660 309 726 225 154 422 284 230 517 533 380 75 307 214 449 168 428 624 255 450 538 652 354 250 616 344 567 672 258 588 424 304 293 609 439 245 605 732 571 468 609 587 499 
376 260 338 130 534 189 544 298 324 226 541 227 273 224 277 450 267 270 296 200 243 181 192 250 475 529 283 506 281 380 266 458 240 299 179 450 174 136 361 163 373 80 369 111 472 228 166 483 37 289 69 276 0 207 136 310 332 37 396 71 535 451 453 619 282 551 250 448 639 483 348 90 197 239 247 503 338 402 204 228 265 383 379 452 503 677 227 623 350 475 156 129 167 356 225 242 511 429 207 251 458 217 311 376 435 70 406 300 533 390 484 419 446 330 460 230 384 213 454 26 347 164 481 534 483 322 403 432 504 313 
174 75 208 90 336 364 361 195 393 323 339 235 329 318 169 257 76 162 149 103 191 198 230 163 339 334 123 350 195 280 88 355 203 107 48 358 193 162 178 206 181 173 197 174 272 111 206 341 221 114 215 368 207 0 255 359 390 215 306 228 328 277 287 415 327 460 319 296 436 298 164 278 299 340 345 298 293 359 155 97 249 418 250 360 410 477 235 424 234 380 353 232 150 262 165 308 323 294 330 115 469 385 295 189 258 153 219 195 327 256 480 248 343 218 305 142 221 78 385 226 296 259 479 330 386 237 206 246 298 131 
388 272 290 166 529 121 616 242 459 91 543 357 141 88 380 443 330 226 385 187 173 99 86 358 575 588 365 457 392 306 337 571 163 362 209 566 97 259 352 76 373 89 448 81 474 209 78 581 170 285 68 409 136 255 0 446 467 173 313 65 557 422 537 661 417 455 115 540 682 553 340 207 332 373 381 514 463 294 318 219 393 519 323 568 411 727 357 675 455 386 244 265 126 469 339 109 577 529 338 341 593 135 441 444 411 186 473 245 548 489 618 390 558 272 414 335 353 215 577 116 249 32 615 576 395 249 460 418 542 310 
505 433 564 359 656 472 489 542 43 536 648 124 581 534 241 593 349 509 291 433 511 471 491 222 347 512 309 707 211 630 330 284 516 360 376 262 464 211 531 460 525 375 354 404 595 455 463 362 276 473 379 74 310 359 446 0 32 273 653 381 606 629 388 628 32 811 559 359 640 450 518 260 121 96 89 600 148 686 206 445 124 73 607 262 761 655 125 606 256 732 289 181 438 225 203 550 480 319 135 279 152 502 106 386 609 273 405 543 617 298 184 603 276 570 663 231 579 424 231 331 624 473 180 559 738 579 427 591 545 487 
537 465 595 387 688 487 516 572 19 557 680 156 604 555 272 625 381 538 323 463 539 497 516 254 371 541 341 738 243 660 362 305 543 392 406 282 489 240 562 485 557 400 385 429 627 484 488 387 297 504 401 72 332 390 467 32 0 294 682 402 637 661 416 658 63 841 581 386 669 479 549 275 137 103 96 632 175 713 238 475 156 60 638 282 790 682 157 635 285 761 296 204 466 253 235 573 509 346 144 311 142 517 135 417 641 299 435 572 648 326 178 635 298 600 695 263 610 454 247 352 652 495 173 590 768 608 458 623 576 519 
388 275 364 148 548 215 535 327 287 263 553 196 311 261 260 466 267 297 284 224 275 216 228 232 457 525 275 531 260 411 263 435 273 297 194 425 209 113 379 200 389 115 361 146 485 252 202 466 7 307 106 238 37 215 173 273 294 0 427 107 542 472 441 619 246 584 287 433 638 476 365 65 159 202 209 513 309 438 184 250 235 346 406 426 535 674 196 620 331 507 139 93 198 334 204 279 505 412 170 241 422 244 280 371 455 63 400 328 542 373 449 440 422 358 485 213 406 233 426 58 381 201 446 535 515 353 400 450 506 330 
270 242 107 297 320 419 566 112 682 291 347 533 234 286 472 255 355 145 440 220 153 221 227 468 609 512 412 174 500 28 375 645 157 371 278 652 227 443 205 243 233 316 456 286 295 199 241 606 430 209 343 646 396 306 313 653 682 427 0 352 399 191 534 529 621 159 253 557 551 511 207 486 568 613 619 345 598 93 458 211 552 718 82 654 109 607 533 565 529 80 543 493 229 562 470 248 521 570 590 417 773 419 599 429 196 393 447 111 378 538 785 174 633 88 146 448 153 231 685 393 74 285 785 461 87 75 416 223 426 212 
382 263 311 138 532 138 583 266 394 156 543 295 205 153 331 447 298 244 342 186 202 131 133 307 529 561 325 481 340 341 302 518 196 331 188 512 126 200 355 110 372 57 411 74 474 213 112 535 105 284 13 344 71 228 65 381 402 107 352 0 547 436 498 642 353 503 180 497 663 521 342 145 266 308 315 509 404 347 263 218 332 454 349 514 456 705 295 652 405 430 191 200 136 416 285 173 547 482 274 297 528 162 380 412 422 128 441 269 542 443 554 404 506 298 436 285 367 208 519 51 295 95 551 557 438 283 433 425 525 309 
168 286 317 411 106 676 226 357 647 597 76 494 572 592 366 144 282 351 315 369 413 469 499 388 353 162 302 277 394 374 294 424 430 258 360 444 468 467 217 488 190 491 255 481 104 349 487 341 549 273 534 643 535 328 557 606 637 542 399 547 0 213 265 131 579 476 576 303 152 204 224 604 593 626 628 55 476 491 420 338 482 639 319 446 442 209 493 173 362 424 680 541 431 401 413 566 191 340 629 338 653 692 506 221 204 479 207 354 26 335 644 225 419 346 270 386 250 342 495 553 449 548 647 86 423 385 179 176 71 249 
136 203 136 323 129 542 406 184 666 436 156 505 396 431 404 73 283 195 359 252 252 323 346 413 486 346 334 85 436 170 304 539 266 282 280 553 325 439 99 346 106 383 342 362 110 224 344 479 476 166 424 644 451 277 422 629 661 472 191 436 213 0 400 343 598 269 407 432 365 361 112 536 575 617 621 158 535 284 423 223 511 681 119 555 232 421 504 384 439 212 607 507 301 478 427 398 363 455 606 355 720 550 550 308 20 418 316 181 190 433 722 32 530 160 59 399 69 239 595 460 251 404 723 284 212 197 280 49 252 146 
271 309 428 371 354 635 102 442 431 610 332 306 614 605 186 333 211 417 158 383 465 485 517 216 89 128 173 484 199 505 201 160 480 181 335 181 479 333 333 493 308 450 90 457 311 380 493 80 448 331 487 444 453 287 537 388 416 441 534 498 265 400 0 245 370 660 606 38 255 67 328 487 419 439 439 287 242 611 264 364 278 403 456 183 616 266 305 218 135 590 558 396 437 164 246 595 94 78 456 202 401 659 282 106 382 383 87 441 286 91 386 391 155 451 456 230 391 353 232 478 552 544 390 192 592 484 121 351 194 322 
282 389 442 504 229 776 162 479 671 710 198 531 691 705 401 274 353 469 355 476 531 580 611 428 318 117 352 405 424 504 357 397 547 322 455 420 577 528 339 596 310 587 280 581 235 459 596 303 626 385 629 678 619 415 661 628 658 619 529 642 131 343 245 0 607 605 693 281 23 180 344 677 640 667 668 185 485 620 470 446 511 647 448 422 573 78 531 52 373 555 752 600 538 406 458 682 151 323 677 390 645 795 523 256 334 556 230 477 154 333 628 355 395 471 400 433 378 447 472 639 576 656 632 85 554 511 221 306 119 363 
475 402 532 327 628 449 472 510 69 508 620 93 552 505 214 563 319 476 265 401 479 440 461 194 335 492 281 675 186 598 300 276 484 331 344 256 433 179 500 430 495 345 330 373 566 422 432 350 249 441 350 77 282 327 417 32 63 246 621 353 579 598 370 607 0 779 530 342 620 430 487 238 100 87 82 572 135 654 175 413 97 102 575 257 729 636 94 587 236 699 273 153 407 208 173 521 460 304 122 249 176 479 91 361 578 242 381 511 590 280 206 572 268 538 632 201 547 392 231 304 592 444 202 536 706 547 402 560 520 456 
389 392 253 455 377 549 675 269 841 414 408 690 348 410 622 342 501 303 586 378 310 372 372 621 742 616 558 200 651 181 522 785 311 513 435 795 379 601 328 393 352 471 590 440 378 357 390 737 586 355 495 805 551 460 455 811 841 584 159 503 476 269 660 605 779 0 373 688 625 627 335 640 727 771 778 423 751 167 614 367 708 875 213 797 50 682 690 649 674 80 694 652 386 709 625 371 631 706 748 568 928 543 754 560 284 551 574 268 451 678 939 270 774 242 210 602 269 388 831 546 207 425 939 552 74 234 539 316 521 351 
411 310 272 243 528 177 673 225 574 41 548 464 28 38 469 446 395 226 463 226 163 121 89 450 656 637 440 420 486 257 407 662 147 425 271 659 127 364 360 116 386 188 516 165 482 236 115 659 285 308 181 524 250 319 115 559 581 287 253 180 576 407 606 693 530 373 0 615 715 611 352 322 446 488 496 528 564 206 416 251 498 631 292 661 335 765 464 715 542 315 353 378 169 561 435 11 632 610 454 423 704 170 547 505 401 292 533 228 563 571 728 378 649 246 383 427 342 256 675 232 180 86 725 612 323 211 514 416 576 330 
300 326 451 375 390 633 131 462 401 616 369 285 624 611 174 366 221 435 155 395 480 494 526 203 54 165 175 516 181 529 208 122 494 195 343 143 488 322 360 500 336 451 103 461 345 395 501 49 440 351 486 418 448 296 540 359 386 433 557 497 303 432 38 281 342 688 615 0 289 104 354 475 398 415 414 324 211 631 252 379 254 369 481 144 642 297 284 251 112 616 544 381 446 134 232 604 130 42 434 200 364 658 253 128 412 378 116 460 324 65 349 421 117 473 487 220 419 367 194 473 571 549 352 231 619 504 152 383 232 345 
304 411 465 525 249 797 165 502 683 733 218 546 714 727 416 296 372 492 371 498 553 602 633 444 324 128 370 426 438 526 376 403 570 341 476 426 599 546 362 618 333 607 295 602 257 481 618 308 645 407 650 691 639 436 682 640 669 638 551 663 152 365 255 23 620 625 715 289 0 191 367 695 655 682 682 207 496 643 486 468 524 657 471 428 594 56 545 45 385 576 770 617 560 417 474 705 161 331 693 407 652 816 535 273 356 575 246 499 176 344 635 377 402 494 422 450 400 468 478 660 599 678 639 106 575 533 239 328 140 386 
242 304 408 387 299 658 63 429 493 620 275 360 616 614 233 290 224 408 194 386 461 491 523 262 150 63 201 443 251 483 219 225 477 191 345 247 486 373 307 502 279 469 116 472 263 378 502 137 483 319 509 503 483 298 553 450 479 476 511 521 204 361 67 180 430 627 611 104 191 0 304 527 471 495 495 233 305 593 308 363 335 467 430 248 585 208 359 157 194 561 600 440 444 227 292 600 31 145 509 235 467 681 344 109 344 415 80 427 227 154 453 357 221 433 419 272 362 355 299 507 538 557 456 127 562 469 99 312 133 305 
66 92 104 218 190 461 360 135 554 374 203 393 348 368 298 104 175 126 257 156 189 248 276 305 407 309 230 190 330 179 197 450 205 180 171 461 247 326 14 268 34 287 255 270 134 131 266 403 370 59 329 531 348 164 340 518 549 365 207 342 224 112 328 344 487 335 352 354 367 304 0 430 463 505 509 176 430 290 312 124 401 572 127 463 289 419 393 372 342 262 503 395 214 378 316 342 315 370 494 247 613 474 442 225 93 309 242 133 211 343 618 86 440 132 148 290 67 136 499 359 238 328 619 267 265 170 209 85 231 35 
452 339 427 213 613 212 584 388 264 292 617 213 347 290 302 531 326 360 333 288 333 269 276 273 493 578 328 594 297 471 319 462 330 354 259 449 262 154 444 250 453 170 411 200 550 315 252 504 60 372 149 210 90 278 207 260 275 65 486 145 604 536 487 677 238 640 322 475 695 527 430 0 140 174 182 576 327 489 224 314 253 332 469 451 592 728 213 675 368 565 76 101 257 365 243 315 556 450 136 292 412 242 291 424 520 125 454 390 604 413 443 505 450 420 549 257 471 298 443 95 435 238 439 593 572 412 456 515 566 395 
465 372 490 272 625 352 521 460 128 421 622 113 470 419 240 552 315 428 285 351 419 369 385 212 402 530 292 646 221 548 300 355 421 335 302 338 362 136 477 356 478 269 361 300 561 376 358 415 161 411 266 80 197 299 332 121 137 159 568 266 593 575 419 640 100 727 446 398 655 471 463 140 0 45 52 576 212 590 173 369 147 193 533 339 677 679 114 627 286 648 174 75 343 270 182 439 502 365 37 255 273 381 170 385 556 176 410 461 599 333 304 546 345 491 601 208 517 349 322 215 530 361 300 562 655 493 423 543 541 429 
504 414 534 317 663 385 542 505 91 461 659 136 512 459 267 591 351 472 314 396 464 414 429 240 414 555 324 689 244 593 335 360 466 370 346 341 406 179 518 399 518 313 388 344 599 420 402 428 203 453 308 37 239 340 373 96 103 202 613 308 626 617 439 667 87 771 488 415 682 495 505 174 45 0 8 612 217 634 206 413 161 163 578 341 722 703 137 652 305 693 193 120 388 283 213 480 526 379 40 289 245 414 172 414 598 220 438 506 634 351 279 588 350 535 644 240 560 393 318 256 575 402 274 592 700 538 454 584 572 471 
508 419 540 323 666 393 541 511 83 469 662 137 520 467 268 595 355 478 316 402 471 421 436 242 412 555 326 694 244 599 338 356 473 372 351 337 413 184 523 407 522 321 388 351 603 426 409 426 211 458 316 29 247 345 381 89 96 209 619 315 628 621 439 668 82 778 496 414 682 495 509 182 52 8 0 615 214 641 209 419 160 155 583 338 728 703 137 652 304 699 201 126 395 281 215 488 526 378 48 291 237 422 169 415 602 227 438 512 636 350 272 593 347 541 649 242 565 399 313 264 582 410 267 593 706 544 455 588 574 476 
127 247 264 375 67 634 265 305 641 550 49 483 522 544 359 90 262 302 309 327 365 424 452 379 376 202 292 226 390 320 277 443 381 243 325 461 423 446 167 443 142 453 259 440 50 305 442 366 519 229 496 632 503 298 514 600 632 513 345 509 55 158 287 185 572 423 528 324 207 233 176 576 576 612 615 0 478 437 406 295 476 639 265 463 389 263 483 226 368 370 651 520 388 407 402 517 225 357 611 325 660 648 505 223 149 451 216 303 35 346 654 171 436 293 216 374 196 302 510 518 396 504 656 131 369 332 184 122 104 204 
402 359 498 330 539 524 341 488 190 552 527 114 582 548 131 487 254 455 176 388 475 456 483 130 200 368 201 618 100 572 233 144 484 253 326 126 449 204 441 453 429 377 221 399 481 402 454 214 314 397 397 212 338 293 463 148 175 309 598 404 476 535 242 485 135 751 564 211 496 305 430 327 212 217 214 478 0 649 150 389 74 164 538 127 701 508 114 460 114 672 380 226 414 79 133 554 335 171 245 184 185 552 45 256 514 277 270 488 490 152 189 513 134 511 578 151 496 369 117 363 585 483 189 421 677 529 297 491 411 405 
355 307 186 328 413 383 650 170 711 247 440 571 181 243 528 347 419 199 503 261 176 222 214 521 681 599 476 259 554 117 438 710 170 440 323 715 229 475 290 239 319 323 529 292 387 248 237 680 438 280 341 669 402 359 294 686 713 438 93 347 491 284 611 620 654 167 206 631 643 593 290 489 590 634 641 437 649 0 502 263 596 754 172 717 132 698 571 655 591 117 537 515 248 621 517 204 605 640 607 474 816 376 645 505 289 415 526 171 471 606 832 266 698 160 237 499 243 281 744 394 64 262 831 551 125 127 496 315 516 289 
302 228 363 179 458 393 363 346 243 405 453 82 433 401 78 390 147 312 115 242 327 306 333 49 273 363 119 501 77 433 129 255 335 163 181 249 299 71 325 303 320 230 193 250 395 259 304 282 190 268 255 227 204 155 318 206 238 184 458 263 420 423 264 470 175 614 416 252 486 308 312 224 173 206 209 406 150 502 0 247 95 263 405 250 563 514 81 461 147 534 294 133 264 153 21 405 338 228 209 83 316 420 143 214 403 136 240 346 427 190 330 397 242 372 457 36 373 226 260 230 439 336 328 391 540 386 251 386 369 281 
170 59 121 102 315 339 424 100 476 265 326 323 254 259 265 229 159 66 241 32 101 134 165 259 426 386 214 282 292 187 177 449 115 184 68 453 131 237 137 150 155 163 277 146 257 16 150 426 254 67 205 444 228 97 219 445 475 250 211 218 338 223 364 446 413 367 251 379 468 363 124 314 369 413 419 295 389 263 247 0 341 508 165 455 317 516 323 465 329 288 384 296 93 358 259 240 382 382 396 211 562 354 388 260 208 200 286 100 329 347 575 191 437 126 236 238 157 20 481 237 200 211 574 363 294 140 264 207 328 92 
384 321 457 270 533 450 380 441 165 483 524 40 517 479 117 471 229 407 168 336 420 394 419 99 256 397 185 590 88 528 208 212 428 237 275 197 387 134 413 388 406 310 233 334 472 353 390 269 241 361 326 167 265 249 393 124 156 235 552 332 482 511 278 511 97 708 498 254 524 335 401 253 147 161 160 476 74 596 95 341 0 171 499 198 658 543 40 493 143 629 309 153 354 123 85 488 366 219 182 157 221 479 49 263 490 207 284 441 493 189 236 486 200 466 548 111 464 321 191 290 533 415 235 439 634 480 305 471 423 372 
553 491 626 426 698 544 499 606 77 609 687 185 654 607 282 640 399 573 331 499 579 542 563 269 347 530 352 761 250 694 378 274 584 405 440 250 534 279 584 532 576 447 384 475 638 518 534 362 350 531 451 132 383 418 519 73 60 346 718 454 639 681 403 647 102 875 631 369 657 467 572 332 193 163 155 639 164 754 263 508 171 0 668 250 825 665 185 620 278 795 356 254 508 242 256 623 496 328 203 327 82 574 134 418 661 344 433 607 652 314 119 657 269 633 719 282 635 487 208 404 692 546 113 585 801 644 460 641 574 543 
189 179 44 263 247 440 484 83 639 325 272 484 279 319 409 175 288 109 373 184 150 225 241 409 533 430 345 133 438 55 309 573 161 300 233 582 228 401 124 248 152 303 381 277 215 158 246 530 410 141 338 608 379 250 323 607 638 406 82 349 319 119 456 448 575 213 292 481 471 430 127 469 533 578 583 265 538 172 405 165 499 668 0 584 165 526 484 483 460 137 533 460 215 495 415 284 440 496 559 355 718 445 544 352 119 362 369 81 299 466 727 96 562 52 91 391 71 185 618 382 133 301 727 379 141 81 336 144 344 139 
419 412 549 419 529 640 263 549 300 654 510 238 676 650 194 495 300 518 214 462 551 546 576 211 104 307 242 640 176 627 280 25 562 285 403 2 539 316 472 547 453 480 213 498 479 470 548 120 433 445 505 332 452 360 568 262 282 426 654 514 446 555 183 422 257 797 661 144 428 248 463 451 339 341 338 463 127 717 250 455 198 250 584 0 749 427 238 386 126 721 507 350 500 100 229 651 272 107 371 245 227 668 170 248 535 386 248 548 466 122 207 539 27 567 606 235 530 438 51 478 655 585 211 375 725 592 282 507 376 446 
345 342 203 405 347 509 634 219 790 375 378 640 311 372 572 304 452 252 538 328 261 325 327 571 696 576 510 172 601 131 473 738 263 465 385 747 332 551 283 347 307 423 544 392 341 306 344 691 537 305 448 755 503 410 411 761 790 535 109 456 442 232 616 573 729 50 335 642 594 585 289 592 677 722 728 389 701 132 563 317 658 825 165 749 0 650 640 615 625 29 648 602 337 660 574 332 590 659 699 518 878 505 704 514 245 502 529 218 418 630 889 229 727 192 173 552 224 338 783 499 163 381 889 516 24 184 495 276 483 303 
356 458 519 567 305 840 167 554 697 781 274 568 764 775 440 352 410 543 399 545 604 650 681 469 323 151 401 482 459 581 412 401 620 378 519 426 647 577 415 665 386 650 321 647 312 530 665 307 681 457 692 710 677 477 727 655 682 674 607 705 209 421 266 78 636 682 765 297 56 208 419 728 679 703 703 263 508 698 514 516 543 665 526 427 650 0 567 54 401 633 803 646 607 430 499 754 177 338 717 437 654 860 549 304 412 611 275 552 232 357 633 433 402 547 478 478 455 515 477 698 653 725 637 153 632 587 274 383 189 436 
382 309 441 244 536 411 408 421 162 447 530 1 484 444 130 470 226 387 179 314 396 364 388 105 291 419 191 582 108 509 208 250 402 240 255 237 357 100 406 357 401 276 251 301 474 333 359 303 202 348 290 150 227 235 357 125 157 196 533 295 493 504 305 531 94 690 464 284 545 359 393 213 114 137 137 483 114 571 81 323 40 185 484 238 640 567 0 516 172 610 270 113 327 158 81 455 390 251 151 158 245 440 84 278 484 172 301 422 502 219 265 478 239 448 538 109 454 302 231 252 508 380 263 456 616 459 318 467 437 362 
308 407 474 514 276 787 123 507 649 730 245 516 715 724 388 313 356 494 346 493 555 599 631 417 282 98 347 450 408 539 358 361 571 324 466 385 596 523 369 614 340 597 268 594 274 479 614 267 627 408 639 660 623 424 675 606 635 620 565 652 173 384 218 52 587 649 715 251 45 157 372 675 627 652 652 226 460 655 461 465 493 620 483 386 615 54 516 0 351 596 749 593 555 382 447 704 127 293 665 384 612 807 500 250 373 558 222 505 198 309 593 393 361 502 442 425 412 463 437 645 608 673 598 105 595 541 221 343 141 387 
304 286 424 299 431 538 237 423 298 538 416 173 555 533 75 385 174 392 88 337 426 424 455 100 126 257 116 524 71 501 154 121 437 161 278 124 418 218 351 426 334 366 108 380 375 344 428 136 337 320 396 309 350 234 455 256 285 331 529 405 362 439 135 373 236 674 542 112 385 194 342 368 286 305 304 368 114 591 147 329 143 278 460 126 625 401 172 351 0 597 434 271 378 40 126 531 225 82 323 120 292 565 150 144 419 281 156 422 378 47 288 421 108 441 487 121 409 312 158 376 528 469 289 307 601 466 185 393 297 322 
320 313 174 376 332 487 611 189 761 354 362 610 292 350 543 284 424 223 509 299 233 299 301 542 669 554 481 161 572 101 445 710 235 437 355 719 305 522 257 320 282 395 517 365 322 277 318 665 509 277 421 726 475 380 386 732 761 507 80 430 424 212 590 555 699 80 315 616 576 561 262 565 648 693 699 370 672 117 534 288 629 795 137 721 29 633 610 596 597 0 621 573 309 631 545 311 567 632 670 489 849 484 675 488 224 473 503 189 401 603 860 206 699 162 155 522 199 308 754 472 138 357 859 496 8 155 470 255 462 275 
527 413 493 284 687 209 656 451 281 317 692 270 380 317 372 604 401 425 406 356 391 322 323 342 558 652 402 662 363 530 394 521 386 430 332 506 316 227 516 301 527 230 484 258 624 384 304 569 133 444 200 225 156 353 244 289 296 139 543 191 680 607 558 752 273 694 353 544 770 600 503 76 174 193 201 651 380 537 294 384 309 356 533 507 648 803 270 749 434 621 0 163 319 427 312 349 629 516 153 365 438 236 341 499 591 200 527 453 680 480 472 575 509 483 616 328 540 369 493 151 487 276 468 669 629 472 531 587 641 467 
403 304 417 198 564 302 495 386 198 355 564 112 401 353 210 488 259 354 247 277 344 296 313 180 395 496 248 575 200 474 248 362 346 284 230 349 288 74 409 283 412 196 326 226 501 302 285 406 97 341 197 154 129 232 265 181 204 93 493 200 541 507 396 600 153 652 378 381 617 440 395 101 75 120 126 520 226 515 133 296 153 254 460 350 602 646 113 593 271 573 163 0 268 265 149 370 471 353 100 210 329 332 193 344 488 101 372 387 545 317 356 477 350 416 530 169 447 276 343 151 455 292 353 519 580 418 380 477 495 361 
263 149 176 84 404 247 506 132 463 176 417 327 179 171 306 318 226 108 296 62 77 48 80 291 488 473 272 346 326 213 238 498 78 256 102 498 43 228 226 59 246 88 347 62 348 83 59 491 200 159 124 422 167 150 126 438 466 198 229 136 431 301 437 538 407 386 169 446 560 444 214 257 343 388 395 388 414 248 264 93 354 508 215 500 337 607 327 555 378 309 319 268 0 400 281 158 466 442 363 257 572 261 404 337 289 168 365 135 422 404 590 269 486 164 301 268 232 92 519 167 187 118 588 455 316 155 347 293 420 184 
342 319 458 319 470 545 264 454 268 554 456 159 576 550 94 424 208 423 122 364 453 446 476 111 132 289 150 562 77 534 186 102 464 198 304 98 439 221 388 446 373 380 148 398 415 373 448 145 340 354 407 284 356 262 469 225 253 334 562 416 401 478 164 406 208 709 561 134 417 227 378 365 270 283 281 407 79 621 153 358 123 242 495 100 660 430 158 382 40 631 427 265 400 0 132 551 256 96 305 147 253 573 119 184 457 289 194 454 417 73 248 459 89 474 525 135 446 341 123 383 558 486 250 343 636 497 224 432 335 358 
302 236 373 197 456 414 346 358 242 425 449 81 452 421 60 390 146 325 103 256 343 324 352 31 252 349 111 506 56 445 127 234 351 159 195 228 317 91 329 322 322 251 179 270 393 272 323 262 211 276 276 230 225 165 339 203 235 204 470 285 413 427 246 458 173 625 435 232 474 292 316 243 182 213 215 402 133 517 21 259 85 256 415 229 574 499 81 447 126 545 312 149 281 132 0 425 323 208 220 77 304 442 130 202 407 157 228 359 422 170 316 402 221 383 463 28 380 239 240 251 453 357 315 380 551 399 241 388 359 287 
401 299 263 233 519 179 662 216 566 44 538 454 32 40 458 436 384 216 452 215 153 110 78 440 645 626 429 413 475 250 396 651 137 414 260 649 116 355 350 105 376 179 505 155 472 225 104 648 278 297 173 517 242 308 109 550 573 279 248 173 566 398 595 682 521 371 11 604 705 600 342 315 439 480 488 517 554 204 405 240 488 623 284 651 332 754 455 704 531 311 349 370 158 551 425 0 621 599 447 412 695 173 537 494 392 283 522 218 553 560 719 369 638 237 375 416 333 245 665 224 175 78 716 601 319 203 502 407 565 319 
251 323 419 412 291 684 45 444 523 642 265 391 636 636 263 291 249 424 224 406 479 512 544 292 171 35 229 443 282 493 246 248 495 217 369 271 508 403 316 524 288 495 145 496 260 397 524 157 512 335 535 533 511 323 577 480 509 505 521 547 191 363 94 151 460 631 632 130 161 31 315 556 502 526 526 225 335 605 338 382 366 496 440 272 590 177 390 127 225 567 629 471 466 256 323 621 0 171 539 265 494 707 374 136 347 444 106 442 215 183 478 361 245 446 422 302 370 376 323 534 551 580 482 108 568 482 119 315 122 320 
321 333 463 368 423 617 171 470 361 608 403 252 621 604 152 393 223 442 146 396 482 490 521 180 46 206 171 540 153 542 206 86 495 200 340 105 484 299 378 494 356 440 115 452 375 398 495 54 418 361 472 380 429 294 529 319 346 412 570 482 340 455 78 323 304 706 610 42 331 145 370 450 365 379 378 357 171 640 228 382 219 328 496 107 659 338 251 293 82 632 516 353 442 96 208 599 171 0 401 188 323 643 214 148 436 360 143 469 359 40 308 442 80 484 508 199 437 368 155 455 579 541 312 270 635 513 178 407 269 358 
499 403 516 296 659 345 558 484 130 426 657 150 479 424 277 585 350 452 322 376 439 385 399 249 438 567 329 675 258 571 335 388 440 371 330 370 378 168 508 370 510 284 398 315 595 401 372 451 171 440 275 75 207 330 338 135 144 170 590 274 629 606 456 677 122 748 454 434 693 509 494 136 37 40 48 611 245 607 209 396 182 203 559 371 699 717 151 665 323 670 153 100 363 305 220 447 539 401 0 292 285 375 201 422 587 198 447 485 635 370 319 576 378 515 629 245 546 376 351 222 549 369 314 600 677 515 460 575 578 460 
227 176 315 180 379 434 294 308 318 421 372 159 435 416 54 315 72 276 45 217 306 304 335 58 234 287 37 436 84 391 51 241 317 82 158 243 298 139 259 307 249 252 120 264 316 226 308 240 248 213 287 307 251 115 341 279 311 241 417 297 338 355 202 390 249 568 423 200 407 235 247 292 255 289 291 325 184 474 83 211 157 327 355 245 518 437 158 384 120 489 365 210 257 147 77 412 265 188 292 0 366 459 195 134 335 182 162 308 345 149 373 332 229 329 395 49 313 194 270 276 411 353 373 309 494 351 170 314 286 221 
587 539 677 489 722 624 489 662 158 684 708 245 725 681 316 672 438 628 361 557 640 609 632 310 331 529 386 802 284 748 417 252 647 438 496 228 601 344 625 601 614 517 401 544 665 574 603 347 426 578 525 214 458 469 593 152 142 422 773 528 653 720 401 645 176 928 704 364 652 467 613 412 273 245 237 660 185 816 316 562 221 82 718 227 878 654 245 612 292 849 438 329 572 253 304 695 494 323 285 366 0 654 174 436 699 413 446 662 669 319 40 698 252 687 762 327 679 542 178 480 753 619 34 591 854 701 477 676 585 587 
523 407 416 295 662 30 743 367 505 130 677 439 195 134 491 576 458 356 503 322 298 228 205 466 689 719 487 577 498 418 462 675 285 490 341 667 228 353 485 207 507 212 572 214 608 344 208 696 238 420 173 449 217 385 135 502 517 244 419 162 692 550 659 795 479 543 170 658 816 681 474 242 381 414 422 648 552 376 420 354 479 574 445 668 505 860 440 807 565 484 236 332 261 573 442 173 707 643 375 459 654 0 523 572 541 285 601 370 683 603 685 520 662 395 536 444 482 350 669 191 347 147 681 710 493 366 591 550 676 445 
420 365 503 320 564 494 383 488 149 531 553 84 566 528 148 507 267 455 197 384 469 444 469 137 244 407 219 631 116 575 246 188 477 271 323 169 436 182 454 438 444 358 252 383 504 401 440 259 285 404 374 168 311 295 441 106 135 280 599 380 506 550 282 523 91 754 547 253 535 344 442 291 170 172 169 505 45 645 143 388 49 134 544 170 704 549 84 500 150 675 341 193 404 119 130 537 374 214 201 195 174 523 0 285 530 255 302 488 519 192 187 527 178 513 590 154 507 369 153 336 581 464 186 456 681 528 327 508 443 414 
174 204 323 278 287 549 172 336 428 512 272 279 512 507 148 247 114 311 100 280 361 384 417 173 182 154 97 393 175 401 110 232 375 82 237 246 379 273 232 394 209 360 36 363 233 276 394 177 378 225 399 428 376 189 444 386 417 371 429 412 221 308 106 256 361 560 505 128 273 109 225 424 385 414 415 223 256 505 214 260 263 418 352 248 514 304 278 250 144 488 499 344 337 184 202 494 136 148 422 134 436 572 285 0 288 309 30 335 234 127 431 295 223 346 361 177 291 250 291 399 446 448 433 178 491 378 42 260 160 217 
116 185 129 307 129 532 390 177 646 429 153 485 391 424 384 60 262 185 339 237 244 313 337 393 467 332 313 105 415 173 283 519 259 261 262 533 315 420 79 336 85 369 322 349 100 210 334 460 460 149 410 624 435 258 411 609 641 455 196 422 204 20 382 334 578 284 401 412 356 344 93 520 556 598 602 149 514 289 403 208 490 661 119 535 245 412 484 373 419 224 591 488 289 457 407 392 347 436 587 335 699 541 530 288 0 400 297 174 182 413 702 24 510 156 75 379 59 222 575 445 252 394 703 272 224 194 261 31 238 128 
327 217 319 99 488 258 475 286 295 276 492 172 312 272 207 407 204 254 226 178 243 198 219 181 405 463 215 481 213 373 200 391 246 234 138 384 190 73 323 188 330 104 301 131 425 204 190 413 70 251 120 255 70 153 186 273 299 63 393 128 479 418 383 556 242 551 292 378 575 415 309 125 176 220 227 451 277 415 136 200 207 344 362 386 502 611 172 558 281 473 200 101 168 289 157 283 444 360 198 182 413 285 255 309 400 0 339 287 479 320 436 387 378 317 435 160 354 181 391 96 355 208 433 472 480 318 337 393 443 273 
185 228 342 307 282 579 142 358 447 540 264 302 539 535 171 251 144 335 125 308 386 412 444 198 170 125 126 400 196 419 141 229 401 112 266 246 407 301 246 422 222 389 51 392 232 302 423 164 407 247 429 450 406 219 473 405 435 400 447 441 207 316 87 230 381 574 533 116 246 80 242 454 410 438 438 216 270 526 240 286 284 433 369 248 529 275 301 222 156 503 527 372 365 194 228 522 106 143 447 162 446 601 302 30 297 339 0 357 223 130 438 306 221 366 371 204 305 277 293 429 468 477 441 155 506 399 36 267 141 237 
197 137 46 189 301 363 486 3 573 256 321 422 220 250 362 218 249 34 334 110 72 146 165 358 510 439 306 213 390 88 269 540 85 269 167 546 148 333 138 169 166 223 358 196 256 88 167 509 331 110 258 538 300 195 245 543 572 328 111 269 354 181 441 477 511 268 228 460 499 427 133 390 461 506 512 303 488 171 346 100 441 607 81 548 218 552 422 505 422 189 453 387 135 454 359 218 442 469 485 308 662 370 488 335 174 287 357 0 338 436 674 151 529 30 169 337 115 120 577 302 111 224 674 400 195 44 329 189 364 122 
160 279 300 407 79 668 251 341 658 585 50 502 558 580 376 124 286 337 325 361 400 458 487 397 375 187 311 252 406 354 299 445 416 264 356 464 457 471 203 478 177 485 269 473 84 339 477 363 548 263 529 652 533 327 548 617 648 542 378 542 26 190 286 154 590 451 563 324 176 227 211 604 599 634 636 35 490 471 427 329 493 652 299 466 418 232 502 198 378 401 680 545 422 417 422 553 215 359 635 345 669 683 519 234 182 479 223 338 0 352 661 204 439 328 246 394 231 335 514 549 431 538 664 112 400 368 193 156 93 238 
297 299 432 329 411 577 192 436 340 569 394 220 583 565 113 374 188 407 108 359 446 452 483 141 86 216 133 518 117 510 170 108 459 168 302 120 445 261 351 456 331 400 91 413 359 362 457 93 380 329 433 354 390 256 489 298 326 373 538 443 335 433 91 333 280 678 571 65 344 154 343 413 333 351 350 346 152 606 190 347 189 314 466 122 630 357 219 309 47 603 480 317 404 73 170 560 183 40 370 149 319 603 192 127 413 320 130 436 352 0 309 418 97 452 484 160 410 332 165 416 544 501 312 272 606 479 163 385 266 328 
588 548 686 506 718 655 470 674 195 709 702 265 748 706 320 672 443 641 363 571 656 629 653 318 311 513 389 806 289 760 421 232 664 440 510 208 621 365 629 622 616 540 395 566 663 587 624 327 453 586 551 250 484 480 618 184 178 449 785 554 644 722 386 628 206 939 728 349 635 453 618 443 304 279 272 654 189 832 330 575 236 119 727 207 889 633 265 593 288 860 472 356 590 248 316 719 478 308 319 373 40 685 187 431 702 436 438 674 661 309 0 702 233 698 766 337 685 555 156 507 768 643 7 578 865 715 470 678 575 594 
121 174 106 292 153 511 405 154 639 407 176 479 368 401 382 81 260 164 339 220 222 292 315 390 475 348 313 104 414 150 281 525 236 262 249 537 294 410 73 315 87 351 328 330 121 192 313 469 445 136 392 616 419 248 390 603 635 440 174 404 225 32 391 355 572 270 378 421 377 357 86 505 546 588 593 171 513 266 397 191 486 657 96 539 229 433 478 393 421 206 575 477 269 459 402 369 361 442 576 332 698 520 527 295 24 387 306 151 204 418 702 0 515 132 66 375 37 207 578 428 228 373 702 291 207 170 270 50 257 117 
394 392 527 406 502 635 237 529 315 643 483 240 663 638 180 469 280 499 195 445 534 532 562 200 79 281 223 615 166 605 260 13 546 263 386 26 525 310 448 533 428 469 188 486 453 452 535 95 429 424 497 344 446 343 558 276 298 422 633 506 419 530 155 395 268 774 649 117 402 221 440 450 345 350 347 436 134 698 242 437 200 269 562 27 727 402 239 361 108 699 509 350 486 89 221 638 245 80 378 229 252 662 178 223 510 378 221 529 439 97 233 515 0 546 581 223 507 420 77 472 636 574 237 348 703 572 256 482 348 424 
197 155 29 219 285 389 490 32 600 276 307 448 235 271 384 206 267 63 353 139 98 173 190 381 524 441 325 185 412 62 287 558 110 284 194 564 176 361 134 196 163 253 371 226 244 116 194 522 362 122 287 567 330 218 272 570 600 358 88 298 346 160 451 471 538 242 246 473 494 433 132 420 491 535 541 293 511 160 372 126 466 633 52 567 192 547 448 502 441 162 483 416 164 474 383 237 446 484 515 329 687 395 513 346 156 317 366 30 328 452 698 132 546 0 142 361 99 146 597 332 106 250 697 397 168 40 336 175 361 129 
187 231 125 338 179 531 465 172 698 416 208 539 368 410 447 132 324 193 404 261 241 315 332 453 541 406 378 46 478 130 345 591 252 327 300 603 318 465 137 338 153 387 394 363 169 233 336 535 489 191 425 672 460 305 414 663 695 485 146 436 270 59 456 400 632 210 383 487 422 419 148 549 601 644 649 216 578 237 457 236 548 719 91 606 173 478 538 442 487 155 616 530 301 525 463 375 422 508 629 395 762 536 590 361 75 435 371 169 246 484 766 66 581 142 0 437 84 254 644 466 214 392 767 343 153 172 335 107 311 176 
274 212 349 185 427 418 328 337 270 420 421 110 442 415 47 362 118 304 79 238 326 313 342 23 245 327 84 479 59 422 99 236 335 131 176 233 306 103 302 312 295 246 157 263 365 251 314 253 220 251 275 258 230 142 335 231 263 213 448 285 386 399 230 433 201 602 427 220 450 272 290 257 208 240 242 374 151 499 36 238 111 282 391 235 552 478 109 425 121 522 328 169 268 135 28 416 302 199 245 49 327 444 154 177 379 160 204 337 394 160 337 375 223 361 437 0 353 219 251 256 435 351 337 355 528 378 215 360 333 261 
121 146 71 258 186 473 415 118 614 370 208 455 333 365 365 107 242 127 324 184 185 255 278 370 472 360 297 129 396 127 263 517 200 248 217 528 256 381 59 277 84 315 321 293 147 157 276 467 411 107 355 588 384 221 353 579 610 406 153 367 250 69 391 378 547 269 342 419 400 362 67 471 517 560 565 196 496 243 373 157 464 635 71 530 224 455 454 412 409 199 540 447 232 446 380 333 370 437 546 313 679 482 507 291 59 354 305 115 231 410 685 37 507 99 84 353 0 174 567 392 200 335 685 308 201 138 271 76 273 92 
175 58 141 85 325 333 417 120 455 267 335 302 262 262 247 240 145 86 225 31 114 137 169 240 412 382 199 300 273 207 162 433 127 172 48 436 133 216 149 151 164 152 265 138 266 33 150 413 238 77 195 424 213 78 215 424 454 233 231 208 342 239 353 447 392 388 256 367 468 355 136 298 349 393 399 302 369 281 226 20 321 487 185 438 338 515 302 463 312 308 369 276 92 341 239 245 376 368 376 194 542 350 369 250 222 181 277 120 335 332 555 207 420 146 254 219 174 0 463 224 217 210 554 363 314 160 257 220 328 101 
459 443 581 435 575 641 314 578 266 665 557 231 691 661 216 538 331 546 245 485 574 563 591 227 155 358 273 680 192 658 310 76 585 319 425 52 556 319 509 562 491 490 255 510 524 496 563 170 431 477 512 304 454 385 577 231 247 426 685 519 495 595 232 472 231 831 675 194 478 299 499 443 322 318 313 510 117 744 260 481 191 208 618 51 783 477 231 437 158 754 493 343 519 123 240 665 323 155 351 270 178 669 153 291 575 391 293 577 514 165 156 578 77 597 644 251 567 463 0 480 681 596 161 425 759 620 328 548 425 480 
391 273 342 143 548 163 568 300 343 206 556 252 256 204 303 463 289 274 320 208 241 174 181 276 501 552 307 511 308 380 289 485 237 321 194 476 168 162 373 155 386 79 393 108 487 235 157 509 55 300 54 293 26 226 116 331 352 58 393 51 553 460 478 639 304 546 232 473 660 507 359 95 215 256 264 518 363 394 230 237 290 404 382 478 499 698 252 645 376 472 151 151 167 383 251 224 534 455 222 276 480 191 336 399 445 96 429 302 549 416 507 428 472 332 466 256 392 224 480 0 340 146 504 555 480 321 424 443 524 325 
303 246 135 265 380 349 596 110 650 219 405 509 160 214 465 307 357 137 441 197 113 166 164 457 621 547 413 246 490 84 376 648 109 378 259 652 173 413 240 186 269 266 468 235 346 185 183 620 382 221 288 609 347 296 249 624 652 381 74 295 449 251 552 576 592 207 180 571 599 538 238 435 530 575 582 396 585 64 439 200 533 692 133 655 163 653 508 608 528 138 487 455 187 558 453 175 551 579 549 411 753 347 581 446 252 355 468 111 431 544 768 228 636 106 214 435 200 217 681 340 0 219 767 503 147 69 439 275 467 232 
380 267 270 174 515 139 619 221 488 69 531 380 110 65 395 430 335 209 395 181 152 81 60 374 587 589 374 434 409 280 344 587 140 366 212 583 81 281 339 61 362 106 455 89 462 200 62 592 199 276 95 439 164 259 32 473 495 201 285 95 548 404 544 656 444 425 86 549 678 557 328 238 361 402 410 504 483 262 336 211 415 546 301 585 381 725 380 673 469 357 276 292 118 486 357 78 580 541 369 353 619 147 464 448 394 208 477 224 538 501 643 373 574 250 392 351 335 210 596 146 219 0 640 573 365 224 462 403 538 300 
589 548 686 505 720 651 474 673 190 706 704 263 746 703 321 673 444 640 364 570 655 627 651 318 315 517 390 806 289 759 422 236 662 441 509 212 619 363 630 620 617 537 397 564 664 586 622 331 450 586 548 245 481 479 615 180 173 446 785 551 647 723 390 632 202 939 725 352 639 456 619 439 300 274 267 656 189 831 328 574 235 113 727 211 889 637 263 598 289 859 468 353 588 250 315 716 482 312 314 373 34 681 186 433 703 433 441 674 664 312 7 702 237 697 767 337 685 554 161 504 767 640 0 581 865 714 473 679 578 594 
203 306 369 419 191 691 140 402 602 628 162 456 611 622 325 212 268 390 278 392 451 497 528 351 277 77 272 356 351 435 274 352 467 239 370 373 494 446 264 513 235 502 206 497 175 377 513 263 542 304 544 605 534 330 576 559 590 535 461 557 86 284 192 85 536 552 612 231 106 127 267 593 562 592 593 131 421 551 391 363 439 585 379 375 516 153 456 105 307 496 669 519 455 343 380 601 108 270 600 309 591 710 456 178 272 472 155 400 112 272 578 291 348 397 343 355 308 363 425 555 503 573 581 0 495 436 140 241 36 283 
322 318 179 383 330 496 612 196 768 363 360 617 301 359 548 283 428 229 513 305 240 307 309 547 672 555 485 157 577 107 449 714 243 441 362 723 313 528 259 328 284 402 520 372 321 283 326 668 517 281 429 732 483 386 395 738 768 515 87 438 423 212 592 554 706 74 323 619 575 562 265 572 655 700 706 369 677 125 540 294 634 801 141 725 24 632 616 595 601 8 629 580 316 636 551 319 568 635 677 494 854 493 681 491 224 480 506 195 400 606 865 207 703 168 153 528 201 314 759 480 147 365 865 495 0 162 472 255 462 279 
235 180 68 222 323 362 527 43 607 244 345 460 199 239 405 245 292 74 377 146 80 153 164 399 554 478 349 211 432 59 312 584 87 312 205 590 157 368 172 176 202 243 401 213 284 127 173 553 356 153 273 571 322 237 249 579 608 353 75 283 385 197 484 511 547 234 211 504 533 469 170 412 493 538 544 332 529 127 386 140 480 644 81 592 184 587 459 541 466 155 472 418 155 497 399 203 482 513 515 351 701 366 528 378 194 318 399 44 368 479 715 170 572 40 172 378 138 160 620 321 69 224 714 436 162 0 371 214 400 163 
150 205 311 296 248 570 160 330 469 523 232 319 518 518 189 215 136 308 139 288 362 393 426 213 206 128 133 365 216 387 138 264 378 104 251 280 389 308 213 405 188 379 76 379 197 279 405 199 407 220 420 468 403 206 460 427 458 400 416 433 179 280 121 221 402 539 514 152 239 99 209 456 423 454 455 184 297 496 251 264 305 460 336 282 495 274 318 221 185 470 531 380 347 224 241 502 119 178 460 170 477 591 327 42 261 337 36 329 193 163 470 270 256 336 335 215 271 257 328 424 439 462 473 140 472 371 0 231 119 207 
90 176 146 303 113 539 359 191 629 442 132 467 408 437 361 32 242 195 315 238 256 322 347 372 437 300 291 134 393 199 263 491 271 238 256 505 323 407 71 344 66 370 294 352 72 212 342 430 455 144 412 609 432 246 418 591 623 450 223 425 176 49 351 306 560 316 416 383 328 312 85 515 543 584 588 122 491 315 386 207 471 641 144 507 276 383 467 343 393 255 587 477 293 432 388 407 315 407 575 314 676 550 508 260 31 393 267 189 156 385 678 50 482 175 107 360 76 220 548 443 275 403 679 241 255 214 231 0 208 120 
167 271 333 386 168 658 161 366 587 592 142 437 575 587 307 179 240 354 258 357 415 462 493 332 282 98 249 327 334 399 248 354 431 212 337 374 459 421 228 478 198 469 191 463 144 341 477 270 513 268 512 587 504 298 542 545 576 506 426 525 71 252 194 119 520 521 576 232 140 133 231 566 541 572 574 104 411 516 369 328 423 574 344 376 483 189 437 141 297 462 641 495 420 335 359 565 122 269 578 286 585 676 443 160 238 443 141 364 93 266 575 257 348 361 311 333 273 328 425 524 467 538 578 36 462 400 119 208 0 247 
82 57 106 183 224 430 364 124 523 349 235 363 328 343 274 138 151 107 235 124 168 220 250 277 397 317 208 220 304 184 173 435 184 161 136 444 219 293 49 239 63 253 243 238 165 101 238 394 335 25 296 499 313 131 310 487 519 330 212 309 249 146 322 363 456 351 330 345 386 305 35 395 429 471 476 204 405 289 281 92 372 543 139 446 303 436 362 387 322 275 467 361 184 358 287 319 320 358 460 221 587 445 414 217 128 273 237 122 238 328 594 117 424 129 176 261 92 101 480 325 232 300 594 283 279 163 207 120 247 0 
