150
0 577 188 410 139 657 76 110 631 168 752 560 543 396 330 303 777 340 596 463 330 302 475 588 444 285 589 645 534 89 571 463 270 40 172 697 606 487 636 613 603 602 489 416 435 372 539 104 488 499 465 232 584 349 452 307 637 463 295 723 703 236 104 445 405 752 475 502 670 545 436 456 87 575 310 59 386 327 275 393 495 115 359 87 392 522 21 237 118 368 524 335 194 212 110 136 183 12 619 176 576 601 25 399 296 514 114 552 461 505 290 483 165 623 388 561 664 617 518 575 239 390 584 163 299 237 654 464 555 724 434 468 341 389 523 510 541 390 579 751 424 349 202 510 505 262 489 770 270 379 
577 0 591 666 489 82 501 471 69 525 325 220 633 422 428 404 434 311 46 136 541 647 339 217 139 295 471 86 54 508 497 321 337 554 424 272 38 327 339 155 366 63 229 593 647 232 80 560 439 143 174 392 176 269 160 269 366 140 428 413 282 599 535 542 225 425 275 715 265 112 624 454 591 598 290 602 370 451 457 434 82 592 221 494 298 85 590 505 471 218 707 272 396 502 560 469 412 564 78 462 316 121 555 693 350 651 529 90 212 78 366 540 535 101 615 282 444 219 721 81 465 396 565 415 610 360 272 683 432 362 322 223 386 267 115 553 182 237 125 497 155 321 454 439 486 315 441 368 607 615 
188 591 0 222 298 662 191 184 630 68 682 503 367 274 215 211 677 444 622 458 162 115 380 532 453 346 455 640 562 146 428 376 255 155 186 635 612 395 544 579 501 597 435 238 249 360 532 87 357 557 439 199 541 325 508 343 537 512 191 620 638 48 102 281 481 650 405 314 605 595 253 320 104 408 391 139 288 201 159 266 515 303 404 175 498 561 174 101 168 374 337 320 211 93 295 149 298 189 652 326 487 650 200 211 246 332 289 595 419 513 232 322 59 662 205 484 545 562 330 564 134 280 425 226 112 238 585 277 429 637 350 552 247 344 573 348 613 363 553 628 459 459 353 379 360 316 358 688 83 194 
410 666 222 0 508 720 402 384 684 257 646 508 178 250 240 272 600 613 706 532 131 115 358 534 540 498 349 689 654 355 310 368 374 376 356 614 675 376 495 600 442 651 456 85 44 446 592 307 282 678 493 330 558 410 633 476 477 629 249 545 614 174 316 157 626 573 412 92 586 705 67 247 325 239 550 360 298 217 229 237 605 525 533 383 663 663 396 211 365 476 117 415 373 233 515 338 490 410 739 532 452 754 420 40 336 131 506 698 459 592 320 189 255 756 51 464 452 560 108 614 244 274 274 407 112 376 562 56 345 582 354 696 281 400 685 203 741 433 588 521 571 631 556 299 256 469 282 638 140 52 
139 489 298 508 0 571 107 127 550 251 715 523 613 426 364 326 762 213 500 396 403 411 474 548 371 197 612 566 440 154 603 457 248 150 178 657 523 482 620 557 598 526 457 495 524 323 468 212 515 388 414 237 535 313 346 235 628 360 329 712 664 341 196 506 289 740 456 597 632 437 519 490 213 632 202 195 398 370 321 426 408 104 269 125 262 422 160 306 146 306 615 296 181 281 72 174 78 130 519 38 561 492 116 505 291 592 41 448 422 425 293 538 254 518 476 540 670 575 612 504 289 411 631 131 398 215 620 559 572 701 430 345 359 361 416 565 422 350 518 756 334 218 63 534 542 186 516 740 373 468 
657 82 662 720 571 0 580 550 37 597 288 238 670 472 487 466 408 391 87 204 599 710 376 224 214 377 490 40 134 585 521 361 410 632 500 244 51 362 338 149 375 69 268 644 698 303 131 636 475 214 230 465 185 337 239 349 367 219 491 398 253 667 611 587 304 405 314 762 245 173 674 495 667 628 371 680 423 509 521 484 163 674 302 573 374 160 670 572 549 293 751 343 473 571 642 545 494 644 96 544 330 155 636 749 417 692 611 151 261 153 433 580 607 120 669 298 446 215 766 106 532 447 591 494 673 435 259 733 455 340 368 293 444 327 183 590 238 301 139 486 237 399 536 471 520 395 476 334 672 670 
76 501 191 402 107 580 0 38 555 145 681 488 515 345 279 247 712 277 521 387 302 305 412 516 368 211 536 568 458 47 522 398 198 58 103 625 530 423 569 539 540 526 418 393 420 297 463 108 436 426 390 166 510 276 379 231 573 389 244 659 631 234 90 410 335 687 407 492 598 472 416 408 116 539 240 110 327 281 229 343 419 145 284 22 330 447 90 205 53 292 510 261 122 179 123 79 119 64 545 135 510 528 57 398 229 491 106 478 388 429 225 445 147 549 372 493 605 544 507 499 194 335 543 87 292 164 583 453 499 656 370 400 283 318 450 473 472 317 504 692 349 288 162 457 458 187 437 700 266 364 
110 471 184 384 127 550 38 0 523 128 644 451 487 309 244 211 674 266 493 353 276 292 375 479 336 187 501 536 430 43 487 361 161 83 66 588 499 385 531 503 502 494 381 368 398 262 430 109 401 404 355 129 474 239 356 202 535 364 209 621 594 222 86 380 316 650 369 472 561 448 393 373 129 508 222 132 290 248 197 308 389 181 257 23 320 421 121 179 20 259 488 225 84 154 157 47 115 99 518 148 472 505 94 383 191 465 136 453 352 397 188 414 132 523 350 455 568 507 487 466 163 298 510 57 275 127 546 433 463 618 332 384 247 280 426 441 453 280 469 654 321 279 173 421 424 160 402 663 252 342 
631 69 630 684 550 37 555 523 0 566 268 202 633 436 451 432 384 379 93 173 563 676 340 189 187 354 455 18 123 558 486 324 379 605 472 219 31 325 306 115 341 33 231 607 661 271 97 607 438 211 195 434 150 305 228 324 335 208 457 370 229 633 582 550 293 379 277 726 218 175 637 458 638 592 354 652 386 474 487 448 143 653 281 546 367 154 643 539 521 265 714 312 445 539 621 517 473 619 112 525 295 169 611 713 384 656 590 153 225 126 399 543 576 138 633 263 414 183 729 70 499 410 555 468 638 406 230 696 419 314 332 291 409 292 182 553 245 268 103 457 217 389 518 434 483 371 439 313 637 634 
168 525 68 257 251 597 145 128 566 0 632 448 376 240 175 161 638 380 555 393 162 166 336 478 386 278 430 576 494 98 409 329 188 129 118 583 547 351 501 520 461 533 379 251 275 295 468 70 330 489 377 133 484 261 440 274 497 444 145 582 587 96 64 277 414 612 353 347 554 527 272 295 104 407 325 137 243 167 117 235 448 278 335 126 433 493 161 69 109 308 365 254 144 46 262 86 239 164 584 275 443 582 172 256 184 348 251 527 360 447 171 315 10 595 227 435 513 507 362 501 84 241 417 162 148 169 535 308 400 593 301 484 199 284 505 343 545 300 492 599 391 395 301 352 341 248 331 643 124 218 
752 325 682 646 715 288 681 644 268 632 0 193 530 418 468 472 127 596 360 331 558 683 304 166 363 527 318 254 372 665 359 306 483 717 580 60 293 287 151 178 205 262 263 561 610 392 282 693 364 463 302 522 184 406 463 483 172 443 491 142 51 666 673 489 521 134 280 653 83 437 583 400 729 469 549 753 393 485 523 428 364 810 469 665 600 405 758 580 634 411 630 422 559 592 779 618 638 741 380 700 198 437 738 683 458 569 749 415 294 333 467 464 642 405 600 198 228 140 650 254 550 404 425 600 644 517 98 635 305 78 332 540 435 363 438 460 508 367 218 228 422 610 702 347 394 530 364 46 656 606 
560 220 503 508 523 238 488 451 202 448 193 0 435 260 296 292 252 422 266 158 399 521 150 30 191 339 254 200 246 474 284 140 290 526 388 137 207 133 126 96 145 174 71 426 479 200 145 505 242 325 116 331 54 213 310 294 150 291 313 214 143 493 484 362 358 235 100 537 110 317 453 268 541 391 368 564 222 316 345 272 217 617 289 473 436 275 567 403 442 223 522 229 367 411 586 427 447 549 296 510 96 340 545 541 269 462 557 298 101 185 279 349 458 321 458 62 225 59 539 142 369 240 354 407 482 324 97 511 217 183 159 393 258 171 309 356 384 174 100 288 255 438 514 236 286 340 243 217 489 461 
543 633 367 178 613 670 515 487 633 376 530 435 0 228 266 307 459 666 678 511 214 281 294 456 530 546 212 633 635 471 171 313 416 505 440 511 632 308 382 531 328 602 405 129 135 450 553 440 195 682 462 392 489 419 644 512 358 635 294 408 509 321 440 112 655 434 358 134 486 698 119 180 467 68 598 503 281 251 294 220 590 653 558 494 709 653 534 311 468 485 105 430 447 336 637 440 575 540 710 628 356 739 548 215 367 50 621 686 423 569 355 95 378 732 167 379 311 476 126 566 325 255 111 492 261 433 463 135 228 457 313 719 293 389 681 80 748 425 531 366 577 684 649 200 150 521 194 511 289 177 
396 422 274 250 426 472 345 309 436 240 418 260 228 0 67 99 403 443 465 292 141 266 115 288 307 323 193 440 416 309 178 120 197 357 249 377 428 132 273 351 227 403 206 172 226 222 346 309 92 456 248 189 309 191 416 286 264 408 101 346 379 251 297 123 427 376 163 293 348 475 202 65 344 220 374 376 54 74 124 12 370 490 330 324 483 431 394 176 292 258 287 202 246 194 466 266 372 389 498 432 220 520 392 281 147 234 444 465 212 352 138 134 248 517 199 224 273 315 299 366 159 28 210 295 227 221 326 261 160 366 105 491 70 164 457 157 522 200 339 358 350 461 449 113 117 301 93 419 238 201 
330 428 215 240 364 487 279 244 451 175 468 296 266 67 0 41 464 401 467 293 113 227 165 325 300 281 259 458 414 243 243 162 151 290 186 423 439 181 329 380 287 418 233 177 227 207 356 244 158 440 257 129 340 170 397 250 323 392 35 407 426 199 230 154 397 437 196 302 393 465 209 129 279 272 334 310 75 23 59 64 365 424 301 258 446 423 328 114 227 238 303 177 187 130 401 201 315 322 499 373 272 514 325 265 104 260 380 458 227 353 91 179 184 516 189 270 338 354 311 382 93 66 268 235 189 168 372 266 226 422 138 465 42 161 446 205 505 193 361 424 333 420 391 180 180 256 160 474 193 188 
303 404 211 272 326 466 247 211 432 161 472 292 307 99 41 0 479 360 441 267 141 244 176 321 272 240 290 440 385 214 277 168 110 264 149 424 418 190 341 370 303 399 224 215 263 176 336 225 190 406 237 90 331 139 361 210 338 358 25 424 428 204 208 195 359 454 194 339 395 434 246 164 261 312 293 290 84 59 55 100 337 391 263 226 405 393 303 111 194 204 342 143 147 119 367 169 275 295 473 334 282 484 296 293 65 300 345 428 212 327 50 220 170 488 222 275 361 351 349 363 78 88 307 196 207 127 375 302 253 432 141 427 39 140 413 246 470 167 347 448 299 379 351 210 216 215 191 482 205 220 
777 434 677 600 762 408 712 674 384 638 127 252 459 403 464 479 0 673 473 408 535 657 304 236 442 588 252 371 474 688 293 314 518 740 608 165 405 290 143 279 177 372 309 517 560 445 376 704 328 563 367 546 269 449 555 542 141 536 494 57 155 653 687 445 607 27 307 591 169 543 534 367 740 393 619 769 395 477 522 412 457 849 540 694 686 507 780 578 661 472 564 467 592 594 821 641 689 768 496 753 202 551 766 640 483 504 793 522 346 425 488 412 647 522 560 223 149 221 585 356 555 398 348 638 621 552 165 580 258 72 343 636 440 401 541 401 614 415 314 111 505 689 760 307 345 585 328 83 637 568 
340 311 444 613 213 391 277 266 379 380 596 422 666 443 401 360 673 0 310 266 487 543 438 439 233 120 594 396 257 309 599 416 250 335 263 537 349 438 541 420 538 362 372 571 615 246 319 376 513 186 307 285 412 262 153 158 558 172 377 633 545 476 352 555 88 656 393 692 517 236 602 504 392 663 68 386 395 418 388 449 241 311 134 283 54 232 359 404 279 211 699 246 242 386 281 295 158 328 323 177 491 286 315 623 299 660 253 251 333 268 311 575 387 317 570 460 620 459 704 352 370 418 648 219 517 239 512 653 549 604 395 132 374 308 217 599 210 278 380 697 174 19 159 526 553 146 515 630 500 565 
596 46 622 706 500 87 521 493 93 555 360 266 678 465 467 441 473 310 0 175 580 683 384 261 171 311 517 109 62 531 543 365 367 575 450 309 68 372 383 196 411 102 274 635 689 267 126 587 484 128 217 423 221 304 158 291 410 141 466 455 319 633 561 585 222 466 320 758 305 85 666 499 616 644 298 625 412 490 493 476 107 603 237 515 289 79 611 540 494 248 751 305 422 535 572 495 425 584 33 471 362 78 574 732 385 695 541 64 255 114 401 585 565 55 655 327 489 262 763 125 499 438 610 436 647 388 313 725 477 402 366 206 425 306 97 598 152 275 170 540 172 317 460 484 531 334 486 404 642 655 
463 136 458 532 396 204 387 353 173 393 331 158 511 292 293 267 408 266 175 0 405 511 225 173 33 201 374 185 124 386 393 204 206 435 299 272 154 217 282 162 289 142 124 461 514 99 77 434 323 180 53 261 147 134 156 162 303 139 292 372 280 464 409 414 200 392 163 585 251 187 492 331 466 484 218 481 239 316 321 303 79 497 137 376 278 142 474 370 350 94 579 139 273 368 465 344 318 451 207 376 239 228 443 557 214 525 434 175 93 60 230 417 403 225 481 205 373 193 591 112 329 265 455 300 474 233 246 551 330 338 198 240 251 132 172 433 244 100 122 443 97 282 375 327 369 210 324 364 471 480 
330 541 162 131 403 599 302 276 563 162 558 399 214 141 113 141 535 487 580 405 0 125 256 428 412 369 299 569 525 257 269 260 243 291 237 519 552 274 411 488 362 530 341 91 128 317 469 227 207 547 370 202 447 280 502 346 399 499 118 477 520 124 226 120 495 507 300 205 490 575 118 168 256 248 422 292 180 90 100 130 477 439 402 281 535 534 321 98 257 345 216 284 250 123 423 229 373 326 612 422 360 625 333 152 205 189 409 569 338 465 189 160 164 628 83 365 394 455 218 493 120 160 263 290 87 248 467 166 279 503 241 565 155 274 555 186 610 305 471 475 440 504 444 229 202 341 207 558 103 80 
302 647 115 115 411 710 305 292 676 166 683 521 281 266 227 244 657 543 683 511 125 0 380 550 512 435 415 683 625 258 381 383 324 270 280 643 662 398 536 607 486 642 460 159 150 416 579 202 329 634 481 271 567 379 587 423 523 587 219 600 645 70 215 222 569 630 421 204 614 668 162 290 215 334 484 249 300 206 190 255 577 417 483 287 595 629 286 146 275 439 232 379 302 159 409 252 405 303 714 438 485 721 314 97 299 239 404 665 453 570 282 262 160 728 115 489 514 578 222 607 187 282 361 327 39 317 591 171 400 627 362 640 268 384 646 284 695 411 588 592 531 559 464 350 317 405 329 682 43 105 
475 339 380 358 474 376 412 375 340 336 304 150 294 115 165 176 304 438 384 225 256 380 0 176 250 328 157 341 346 386 169 23 227 437 309 262 338 18 165 244 128 308 111 276 329 193 259 401 100 404 173 246 202 177 372 283 163 359 191 248 264 362 384 212 400 278 65 388 233 412 304 119 437 260 372 465 92 181 222 126 303 554 308 393 468 367 477 278 361 229 375 195 297 292 527 339 408 466 417 472 108 449 465 392 185 316 500 398 133 279 187 204 345 439 309 109 196 202 391 272 252 100 230 345 342 260 211 361 112 257 45 454 137 130 398 214 469 161 238 281 306 456 483 102 146 315 101 309 352 313 
588 217 532 534 548 224 516 479 189 478 166 30 456 288 325 321 236 439 261 173 428 550 176 0 207 362 267 185 248 503 300 168 318 555 416 109 199 159 122 76 152 164 100 452 505 225 147 535 265 332 137 360 41 240 321 318 149 301 343 203 116 523 513 386 372 221 129 561 83 319 479 292 570 409 388 593 251 345 375 300 224 643 308 501 450 279 595 432 470 246 545 256 395 440 613 456 472 577 290 534 106 337 573 568 298 485 583 299 128 192 308 372 488 316 484 77 227 29 562 136 398 268 370 434 511 352 73 536 234 165 188 403 287 200 313 378 388 200 92 282 269 455 537 256 307 364 266 194 518 488 
444 139 453 540 371 214 368 336 187 386 363 191 530 307 300 272 442 233 171 33 412 512 250 207 0 174 401 200 114 372 418 228 198 419 286 304 163 243 315 191 321 158 154 473 526 96 98 422 345 154 83 254 179 133 125 139 335 110 296 405 313 462 397 430 167 426 190 597 284 168 505 351 453 506 187 466 253 323 323 318 65 472 107 359 245 124 457 369 335 80 593 134 259 364 440 331 292 432 202 349 271 214 424 564 214 541 409 159 120 62 230 435 397 216 490 238 404 226 604 134 328 279 479 281 477 221 279 563 358 371 219 209 259 143 151 453 219 108 151 475 64 248 347 351 391 187 347 397 471 489 
285 295 346 498 197 377 211 187 354 278 527 339 546 323 281 240 588 120 311 201 369 435 328 362 174 0 481 370 250 228 484 307 130 267 160 468 327 330 449 362 438 329 279 452 497 144 271 290 397 218 225 168 343 150 170 46 462 178 257 542 475 371 264 434 135 567 291 574 444 262 483 385 314 543 53 318 277 298 270 329 213 299 74 208 166 237 301 292 192 116 580 133 135 276 267 201 119 273 334 176 394 318 263 510 178 540 236 267 241 229 190 455 287 338 453 367 517 386 585 308 255 299 530 130 407 122 435 535 437 521 284 206 254 199 239 479 269 175 323 598 140 139 176 411 435 30 398 556 392 448 
589 471 455 349 612 490 536 501 455 430 318 254 212 193 259 290 252 594 517 374 299 415 157 267 401 481 0 452 487 502 41 179 370 549 438 303 461 160 173 344 122 427 251 267 308 349 392 500 101 554 321 376 306 332 526 438 147 512 294 198 300 422 489 195 556 226 212 340 280 557 282 135 534 152 528 567 215 263 315 196 449 681 465 516 625 512 587 363 484 386 315 349 431 384 657 459 552 582 548 615 161 588 584 388 323 253 634 541 282 422 320 160 437 572 311 192 103 281 335 395 351 202 108 481 381 400 257 327 45 245 198 609 255 286 545 149 618 318 354 177 460 612 629 80 98 466 100 299 401 319 
645 86 640 689 566 40 568 536 18 576 254 200 633 440 458 440 371 396 109 185 569 683 341 185 200 370 452 0 141 570 483 326 391 619 484 207 48 326 299 109 336 43 234 611 665 282 108 618 439 229 203 445 146 315 246 338 328 225 464 359 216 642 594 552 311 367 280 728 207 192 641 460 650 591 370 665 392 481 495 452 159 669 297 559 385 171 657 548 534 277 716 323 457 548 637 529 488 632 126 541 291 184 625 719 394 657 606 170 231 141 409 545 586 152 638 260 406 176 731 77 508 415 553 482 645 418 220 699 417 302 335 308 416 300 199 554 261 277 103 447 233 406 535 434 483 386 440 299 645 639 
534 54 562 654 440 134 458 430 123 494 372 246 635 416 414 385 474 257 62 124 525 625 346 248 114 250 487 141 0 469 510 325 307 513 388 316 93 336 369 196 390 113 238 585 638 209 101 525 445 91 173 363 209 247 105 229 395 86 410 449 326 573 499 538 171 464 282 709 306 71 616 455 554 606 239 563 363 437 436 428 48 544 175 453 244 33 549 481 432 188 703 247 360 475 512 433 365 521 90 412 339 104 512 678 327 649 481 53 213 67 343 541 504 103 603 304 471 255 715 119 440 389 575 374 590 326 310 675 446 402 322 170 372 255 66 556 140 221 161 530 110 266 402 447 491 272 446 413 584 602 
89 508 146 355 154 585 47 43 558 98 665 474 471 309 243 214 688 309 531 386 257 258 386 503 372 228 502 570 469 0 486 374 186 52 88 612 535 398 547 532 514 528 403 347 373 292 464 67 401 446 384 144 500 266 397 240 548 405 208 634 617 188 45 368 359 663 387 445 584 489 370 371 86 497 265 95 297 242 190 307 427 184 297 29 363 461 93 160 37 293 464 254 113 134 166 47 155 80 557 181 487 545 82 351 208 445 152 493 377 433 201 404 100 563 325 473 575 532 460 498 154 302 503 98 245 155 567 406 467 636 345 427 253 303 467 431 495 307 499 662 360 322 207 423 420 201 403 682 219 317 
571 497 428 310 603 521 522 487 486 409 359 284 171 178 243 277 293 599 543 393 269 381 169 300 418 484 41 483 510 486 0 191 367 531 427 342 489 176 212 376 160 457 272 229 268 358 417 478 89 572 340 366 337 337 541 442 187 528 278 240 339 393 469 159 567 267 230 299 319 578 243 115 512 113 532 546 210 244 296 179 470 667 473 501 633 533 567 340 470 395 273 353 423 362 644 444 547 564 575 608 194 612 568 350 317 212 622 563 300 443 312 122 415 598 274 223 144 316 294 423 333 193 70 472 348 394 296 287 66 286 206 623 245 294 565 108 637 328 383 212 475 618 624 73 68 466 87 341 370 283 
463 321 376 368 457 361 398 361 324 329 306 140 313 120 162 168 314 416 365 204 260 383 23 168 228 307 179 326 325 374 191 0 210 425 295 261 320 25 173 233 142 292 93 287 341 171 241 392 120 382 152 232 190 156 350 262 174 337 186 260 264 360 374 226 377 289 46 402 232 391 316 135 428 281 351 456 87 180 217 132 282 539 286 380 446 346 466 274 347 207 391 174 281 287 511 327 390 453 398 454 114 429 453 401 170 332 484 377 112 258 174 220 338 419 318 108 214 195 405 255 245 101 252 329 345 243 210 374 134 264 29 432 130 108 376 233 447 139 224 298 283 434 465 123 166 295 121 314 353 321 
270 337 255 374 248 410 198 161 379 188 483 290 416 197 151 110 518 250 367 206 243 324 227 318 198 130 370 391 307 186 367 210 0 238 98 427 359 235 375 346 351 348 220 324 370 108 283 228 278 310 198 56 314 80 263 103 381 263 128 466 433 268 204 305 252 494 211 446 400 344 354 261 261 417 183 279 157 168 144 202 260 332 160 183 295 307 278 178 152 119 451 68 77 169 303 141 182 259 397 246 316 398 255 390 50 411 276 342 191 259 61 327 199 408 327 296 422 347 457 316 137 176 406 120 292 35 385 408 328 459 182 322 127 120 323 352 371 121 314 508 207 269 259 295 313 105 280 502 281 323 
40 554 155 376 150 632 58 83 605 129 717 526 505 357 290 264 740 335 575 435 291 270 437 555 419 267 549 619 513 52 531 425 238 0 139 663 582 449 598 583 565 576 455 378 399 342 512 69 448 484 434 196 552 317 436 284 599 445 256 685 669 202 65 406 393 714 439 467 636 529 399 416 63 536 298 52 347 287 235 353 472 150 339 60 388 503 41 197 86 341 488 304 163 172 139 99 177 35 600 184 539 585 44 367 260 476 135 534 428 480 253 443 127 605 352 525 625 583 483 548 198 351 544 139 264 205 619 429 515 687 397 459 302 355 507 471 530 359 549 711 403 345 211 470 465 242 449 734 236 342 
172 424 186 356 178 500 103 66 472 118 580 388 440 249 186 149 608 263 450 299 237 280 309 416 286 160 438 484 388 88 427 295 98 139 0 525 449 320 466 444 437 441 317 327 364 204 377 137 339 374 296 63 413 178 325 161 469 330 152 555 531 213 111 330 296 584 304 440 498 414 355 313 167 455 206 182 225 193 146 249 344 245 221 86 316 383 180 145 54 207 452 166 28 124 219 45 136 162 477 189 406 470 159 362 125 423 196 416 289 348 122 361 127 485 317 390 503 445 453 411 117 236 454 53 255 67 482 401 400 553 266 366 184 216 392 388 428 220 411 589 281 279 209 359 365 130 340 598 237 310 
697 272 635 614 657 244 625 588 219 583 60 137 511 377 423 424 165 537 309 272 519 643 262 109 304 468 303 207 316 612 342 261 427 663 525 0 242 245 130 121 183 209 208 529 580 334 224 641 334 407 243 469 125 350 405 425 157 385 444 158 10 621 621 460 463 162 230 629 29 383 554 367 677 455 490 701 348 441 476 388 306 752 409 610 542 349 704 534 579 352 608 365 504 543 722 565 580 686 331 642 162 387 683 650 406 546 692 361 237 275 415 438 593 357 566 153 227 82 627 198 502 361 411 543 604 461 52 608 283 96 285 483 388 309 383 437 454 310 160 248 363 551 643 319 369 471 334 97 613 571 
606 38 612 675 523 51 530 499 31 547 293 207 632 428 439 418 405 349 68 154 552 662 338 199 163 327 461 48 93 535 489 320 359 582 449 242 0 324 319 130 350 35 227 600 654 252 83 585 437 181 182 414 158 287 198 299 347 178 443 388 251 617 560 545 263 398 274 720 237 147 630 455 616 594 325 629 377 462 472 440 114 626 253 522 336 123 619 523 498 242 710 292 422 521 594 495 445 594 93 497 302 146 585 703 367 652 563 124 216 102 383 541 557 118 624 269 426 196 724 67 483 402 558 443 625 384 247 689 423 334 326 260 397 279 152 552 217 252 108 474 189 358 489 435 483 345 438 337 623 625 
487 327 395 376 482 362 423 385 325 351 287 133 308 132 181 190 290 438 372 217 274 398 18 159 243 330 160 326 336 398 176 25 235 449 320 245 324 0 150 228 117 294 98 293 346 192 247 415 113 396 164 257 186 180 367 285 150 353 206 236 247 378 397 229 396 265 54 405 216 403 321 135 451 271 373 479 107 198 237 144 294 564 307 405 467 358 490 294 372 228 391 198 306 308 536 351 415 478 405 479 92 438 477 410 195 331 509 388 124 269 198 219 360 427 326 92 189 184 407 258 267 117 240 354 359 268 194 378 115 242 54 449 152 131 389 228 461 160 223 273 301 456 489 112 159 319 114 293 369 330 
636 339 544 495 620 338 569 531 306 501 151 126 382 273 329 341 143 541 383 282 411 536 165 122 315 449 173 299 369 547 212 173 375 598 466 130 319 150 0 191 54 284 171 410 459 305 268 565 213 451 235 404 163 307 436 403 29 417 356 93 127 524 547 338 482 120 164 503 108 441 432 250 601 325 483 629 257 344 387 283 343 707 407 551 559 399 639 443 519 335 481 325 450 457 678 500 548 626 411 612 60 459 624 532 341 419 650 421 209 311 346 313 510 437 450 82 108 124 500 258 417 264 281 495 498 409 86 484 155 93 202 519 302 259 434 310 509 275 214 162 379 558 619 196 243 444 213 146 511 456 
613 155 579 600 557 149 539 503 115 520 178 96 531 351 380 370 279 420 196 162 488 607 244 76 191 362 344 109 196 532 376 233 346 583 444 121 130 228 191 0 227 95 148 519 573 241 104 571 338 286 148 394 42 266 285 322 219 265 393 258 130 574 548 457 344 270 189 632 110 264 548 363 605 485 378 625 309 402 425 364 186 656 298 526 423 229 623 481 497 251 618 278 420 486 624 487 478 602 222 538 182 274 596 633 336 558 594 243 160 155 348 445 530 248 550 153 298 67 634 77 444 329 446 453 569 377 117 606 310 207 248 363 340 236 263 452 335 225 41 344 246 434 537 331 381 370 339 218 573 553 
603 366 501 442 598 375 540 502 341 461 205 145 328 227 287 303 177 538 411 289 362 486 128 152 321 438 122 336 390 514 160 142 351 565 437 183 350 117 54 227 0 316 168 357 405 295 290 527 161 466 238 374 192 290 445 392 37 428 317 121 180 478 511 285 485 151 147 449 159 461 379 198 563 272 476 593 219 300 345 236 358 680 404 521 560 418 605 401 488 328 427 308 423 417 653 467 529 594 441 593 51 485 593 480 311 365 626 442 205 327 315 259 470 466 397 86 83 162 446 286 378 221 229 470 449 384 136 430 101 141 170 529 264 241 452 256 526 263 242 161 384 555 602 143 189 429 161 197 463 404 
602 63 597 651 526 69 526 494 33 533 262 174 602 403 418 399 372 362 102 142 530 642 308 164 158 329 427 43 113 528 457 292 348 576 441 209 35 294 284 95 316 0 199 574 628 239 65 575 407 204 161 402 123 273 215 297 312 194 423 353 219 600 551 517 278 364 245 693 203 175 604 426 608 562 332 622 353 441 454 415 122 628 257 517 355 146 614 506 491 235 682 280 415 506 596 486 448 590 127 502 268 179 582 680 352 624 565 153 192 100 367 511 544 153 600 235 391 162 697 37 466 377 526 439 605 375 212 663 390 300 299 284 376 259 177 522 246 235 74 439 195 373 496 404 452 344 408 305 604 601 
489 229 435 456 457 268 418 381 231 379 263 71 405 206 233 224 309 372 274 124 341 460 111 100 154 279 251 234 238 403 272 93 220 455 317 208 227 98 171 148 168 199 0 377 431 136 149 435 211 304 72 261 108 144 279 233 186 263 247 264 214 428 413 319 318 288 47 495 180 307 407 228 470 370 313 493 161 254 279 219 199 548 237 403 393 262 496 336 371 164 483 161 296 342 518 357 382 479 306 446 119 340 475 487 198 425 489 291 38 172 209 313 389 329 405 89 251 129 498 162 300 183 338 338 421 254 165 465 208 244 102 363 193 101 294 325 367 107 132 326 217 389 451 211 257 276 212 284 425 407 
416 593 238 85 495 644 393 368 607 251 561 426 129 172 177 215 517 571 635 461 91 159 276 452 473 452 267 611 585 347 229 287 324 378 327 529 600 293 410 519 357 574 377 0 54 382 517 313 197 617 419 288 477 347 574 425 392 568 195 461 529 193 314 72 573 490 332 125 501 640 32 162 339 175 505 374 223 156 185 160 537 528 478 372 618 597 406 189 348 414 128 354 339 214 513 320 464 414 668 513 367 687 422 123 280 98 499 632 384 521 265 107 252 686 45 381 369 477 134 537 210 198 202 380 134 333 478 90 261 497 276 642 215 330 621 126 681 365 509 442 509 589 535 214 172 425 197 553 161 55 
435 647 249 44 524 698 420 398 661 275 610 479 135 226 227 263 560 615 689 514 128 150 329 505 526 497 308 665 638 373 268 341 370 399 364 580 654 346 459 573 405 628 431 54 0 434 571 331 247 667 473 330 531 398 624 472 440 619 242 505 580 201 336 121 621 533 386 77 553 692 26 214 352 195 550 388 277 206 228 214 590 549 526 400 663 649 422 220 379 465 90 404 378 244 536 351 500 433 721 545 418 740 443 83 328 89 525 684 437 575 313 149 274 739 48 433 411 529 90 591 248 252 230 416 138 376 529 39 307 544 329 690 267 383 673 161 732 417 563 479 560 633 569 262 217 469 246 600 167 56 
372 232 360 446 323 303 297 262 271 295 392 200 450 222 207 176 445 246 267 99 317 416 193 225 96 144 349 282 209 292 358 171 108 342 204 334 252 192 305 241 295 239 136 382 434 0 175 336 276 235 93 162 214 37 194 98 319 187 200 399 341 367 312 344 210 424 148 507 309 259 414 274 369 434 182 386 169 229 227 232 161 419 116 285 276 217 382 273 257 37 505 40 179 270 388 248 247 360 298 310 251 308 355 469 118 456 358 252 100 155 134 355 305 312 396 223 375 252 515 208 232 195 412 212 380 137 297 472 305 380 152 270 167 64 239 375 300 32 207 455 128 264 315 286 320 140 278 417 375 395 
539 80 532 592 468 131 463 430 97 468 282 145 553 346 356 336 376 319 126 77 469 579 259 147 98 271 392 108 101 464 417 241 283 512 377 224 83 247 268 104 290 65 149 517 571 175 0 511 359 186 99 337 109 208 182 236 294 161 360 349 233 536 486 464 240 365 195 638 209 172 548 375 543 518 280 558 295 379 390 357 82 570 202 454 319 132 551 442 427 171 629 215 350 441 538 422 390 527 158 446 239 196 520 620 287 572 507 153 134 52 302 461 479 181 541 205 370 156 643 36 402 319 485 377 542 310 211 607 352 304 244 261 314 196 166 473 241 171 64 429 145 332 443 359 406 284 361 320 541 542 
104 560 87 307 212 636 108 109 607 70 693 505 440 309 244 225 704 376 587 434 227 202 401 535 422 290 500 618 525 67 478 392 228 69 137 641 585 415 565 571 527 575 435 313 331 336 511 0 399 507 425 177 537 306 459 297 563 465 211 648 646 134 26 345 423 678 412 398 613 549 332 365 36 475 330 67 309 237 185 304 481 218 356 95 430 519 93 139 99 343 420 296 165 116 208 92 222 103 614 243 506 605 113 298 237 410 202 552 412 484 226 384 64 622 284 497 582 564 415 544 151 308 486 161 195 201 595 361 469 656 364 492 264 336 527 411 559 347 541 668 417 389 270 421 411 262 400 705 168 275 
488 439 357 282 515 475 436 401 438 330 364 242 195 92 158 190 328 513 484 323 207 329 100 265 345 397 101 439 445 401 89 120 278 448 339 334 437 113 213 338 161 407 211 197 247 276 359 399 0 499 272 277 296 252 465 356 197 453 193 271 333 328 388 126 486 301 165 298 306 510 220 39 434 161 446 466 121 163 214 95 402 581 391 415 549 465 486 263 383 313 281 267 334 283 557 358 458 481 517 519 172 548 483 319 228 220 535 497 232 378 223 107 337 539 237 190 188 287 298 371 250 104 136 384 292 305 283 275 72 302 126 544 156 212 495 115 565 247 336 271 398 532 535 22 46 378 2 357 309 243 
499 143 557 678 388 214 426 404 211 489 463 325 682 456 440 406 563 186 128 180 547 634 404 332 154 218 554 229 91 446 572 382 310 484 374 407 181 396 451 286 466 204 304 617 667 235 186 507 499 0 233 363 295 270 49 214 475 48 429 535 416 576 481 579 100 551 343 742 395 50 648 503 532 660 189 535 402 462 451 466 108 490 153 425 161 59 516 488 410 203 740 263 347 478 460 416 319 486 137 356 415 103 475 697 342 690 430 65 273 140 358 587 498 131 628 380 548 342 750 209 448 429 633 348 602 320 397 706 510 490 373 80 402 293 32 605 66 257 249 613 107 191 342 505 545 245 501 504 591 626 
465 174 439 493 414 230 390 355 195 377 302 116 462 248 257 237 367 307 217 53 370 481 173 137 83 225 321 203 173 384 340 152 198 434 296 243 182 164 235 148 238 161 72 419 473 93 99 425 272 233 0 248 121 118 208 181 254 192 262 327 251 439 401 368 247 349 110 541 220 239 450 283 458 433 252 477 196 280 293 260 130 511 173 378 324 194 474 345 349 109 533 130 271 347 480 339 336 453 250 398 189 277 448 521 193 478 449 225 40 107 207 369 387 270 442 156 322 162 546 126 306 221 403 305 443 229 210 509 277 299 150 291 215 97 225 383 297 77 116 394 145 323 400 275 318 228 273 331 443 442 
232 392 199 330 237 465 166 129 434 133 522 331 392 189 129 90 546 285 423 261 202 271 246 360 254 168 376 445 363 144 366 232 56 196 63 469 414 257 404 394 374 402 261 288 330 162 337 177 277 363 248 0 361 130 316 151 407 317 98 493 474 213 154 280 299 522 244 407 441 399 317 254 211 401 220 232 162 141 103 190 316 309 211 148 334 363 236 126 115 175 416 122 57 114 282 96 185 222 453 244 344 453 220 342 64 380 258 398 236 315 59 308 143 464 285 330 439 390 419 370 87 174 397 107 241 47 424 368 337 492 204 370 121 161 377 334 423 171 364 526 262 302 262 297 306 139 279 538 228 280 
584 176 541 558 535 185 510 474 150 484 184 54 489 309 340 331 269 412 221 147 447 567 202 41 179 343 306 146 209 500 337 190 314 552 413 125 158 186 163 42 192 123 108 477 531 214 109 537 296 295 121 361 0 235 287 301 190 267 354 240 133 535 514 414 341 256 147 590 105 280 505 321 572 445 365 593 267 361 386 322 189 632 284 496 420 240 592 443 467 229 576 249 390 448 601 455 457 572 249 518 145 297 567 591 300 516 571 259 124 157 312 403 494 275 508 114 268 48 592 95 407 287 407 426 528 347 103 563 270 196 206 368 300 201 275 410 349 193 51 322 240 427 519 290 340 349 297 218 533 511 
349 269 325 410 313 337 276 239 305 261 406 213 419 191 170 139 449 262 304 134 280 379 177 240 133 150 332 315 247 266 337 156 80 317 178 350 287 180 307 266 290 273 144 347 398 37 208 306 252 270 118 130 235 0 228 106 317 222 163 400 356 330 283 311 237 427 144 472 323 295 378 246 340 406 196 359 138 193 190 199 199 404 140 262 297 254 358 237 232 68 471 18 155 234 374 221 240 338 335 305 250 345 333 432 81 422 345 289 112 191 97 324 271 350 359 226 368 268 480 240 196 164 387 194 343 112 309 436 288 387 134 300 132 50 276 346 335 41 234 451 162 281 313 264 294 139 254 428 338 358 
452 160 508 633 346 239 379 356 228 440 463 310 644 416 397 361 555 153 158 156 502 587 372 321 125 170 526 246 105 397 541 350 263 436 325 405 198 367 436 285 445 215 279 574 624 194 182 459 465 49 208 316 287 228 0 166 457 21 384 523 415 528 433 538 65 541 314 699 390 93 605 467 484 625 144 488 363 418 405 426 99 448 105 377 140 79 469 441 361 160 698 220 298 430 417 368 274 440 174 315 395 149 429 652 297 650 387 102 245 131 313 549 450 173 584 361 528 335 707 211 401 389 600 300 555 272 390 662 482 483 338 84 359 255 71 568 108 219 246 597 67 161 303 472 510 197 466 502 544 581 
307 269 343 476 235 349 231 202 324 274 483 294 512 286 250 210 542 158 291 162 346 423 283 318 139 46 438 338 229 240 442 262 103 284 161 425 299 285 403 322 392 297 233 425 472 98 236 297 356 214 181 151 301 106 166 0 416 169 230 497 432 362 271 401 150 522 245 548 401 253 456 346 325 506 90 334 238 269 247 293 188 335 61 225 197 222 321 277 203 72 552 89 134 265 303 205 156 295 317 217 348 309 287 492 146 509 272 255 196 198 160 420 284 324 429 321 471 343 559 272 237 261 490 145 392 106 391 510 394 476 240 220 219 154 231 443 272 129 284 552 120 176 219 369 396 48 357 511 379 425 
637 366 537 477 628 367 573 535 335 497 172 150 358 264 323 338 141 558 410 303 399 523 163 149 335 462 147 328 395 548 187 174 381 599 469 157 347 150 29 219 37 312 186 392 440 319 294 563 197 475 254 407 190 317 457 416 0 440 352 86 153 515 546 320 501 115 173 481 137 466 413 234 599 299 499 628 254 337 382 273 366 712 424 554 578 424 639 437 522 350 458 335 454 453 684 501 557 628 439 621 68 486 627 515 344 396 657 447 225 335 348 293 506 464 433 98 79 152 478 285 413 258 255 501 486 415 115 464 133 105 203 541 299 268 458 288 533 287 241 140 399 575 630 178 223 456 197 161 500 440 
463 140 512 629 360 219 389 364 208 444 443 291 635 408 392 358 536 172 141 139 499 587 359 301 110 178 512 225 86 405 528 337 263 445 330 385 178 353 417 265 428 194 263 568 619 187 161 465 453 48 192 317 267 222 21 169 440 0 381 504 394 530 439 531 85 522 300 693 370 84 600 457 491 614 158 497 354 414 403 418 79 463 109 386 161 62 479 441 369 154 692 215 303 431 432 374 287 450 159 330 377 140 440 649 294 642 401 89 230 111 310 540 453 160 580 343 511 315 701 190 400 381 588 308 554 275 370 657 468 464 327 102 353 246 62 559 114 209 225 579 59 181 319 460 499 204 455 482 544 578 
295 428 191 249 329 491 244 209 457 145 491 313 294 101 35 25 494 377 466 292 118 219 191 343 296 257 294 464 410 208 278 186 128 256 152 444 443 206 356 393 317 423 247 195 242 200 360 211 193 429 262 98 354 163 384 230 352 381 0 437 448 181 197 182 379 467 214 318 415 457 226 164 247 304 310 278 99 43 32 99 361 389 285 223 423 417 294 90 192 227 323 166 154 101 366 165 283 288 497 339 299 508 290 269 87 284 345 452 236 352 71 210 154 512 200 293 371 372 329 388 61 97 302 202 182 140 394 281 260 449 159 448 56 164 437 237 492 192 371 457 322 395 359 215 214 231 194 499 181 197 
723 413 620 545 712 398 659 621 370 582 142 214 408 346 407 424 57 633 455 372 477 600 248 203 405 542 198 359 449 634 240 260 466 685 555 158 388 236 93 258 121 353 264 461 505 399 349 648 271 535 327 493 240 400 523 497 86 504 437 0 150 596 632 389 572 30 257 538 153 519 479 310 684 344 576 713 340 420 466 355 427 798 499 640 649 480 725 521 608 428 512 418 540 537 769 587 641 714 480 705 151 532 713 584 430 451 742 499 302 395 434 357 591 506 504 176 97 194 533 333 498 342 298 586 563 501 141 526 201 65 289 606 385 351 515 347 589 368 289 90 468 650 712 250 289 538 271 109 579 511 
703 282 638 614 664 253 631 594 229 587 51 143 509 379 426 428 155 545 319 280 520 645 264 116 313 475 300 216 326 617 339 264 433 669 531 10 251 247 127 130 180 219 214 529 580 341 233 646 333 416 251 474 133 356 415 432 153 394 448 150 0 624 625 459 472 153 234 628 33 393 554 367 682 452 498 706 351 444 479 390 315 759 418 616 551 359 710 537 585 360 607 372 510 547 728 570 587 692 341 649 162 397 689 651 411 545 699 371 244 284 420 437 597 367 567 156 222 89 626 207 506 364 408 550 606 468 53 607 281 88 289 493 392 314 392 436 464 316 169 240 372 560 651 319 368 479 334 88 616 572 
236 599 48 174 341 667 234 222 633 96 666 493 321 251 199 204 653 476 633 464 124 70 362 523 462 371 422 642 573 188 393 360 268 202 213 621 617 378 524 574 478 600 428 193 201 367 536 134 328 576 439 213 535 330 528 362 515 530 181 596 624 0 145 242 506 626 393 266 592 612 206 290 152 366 419 187 274 181 149 242 526 351 423 217 528 575 222 94 205 386 289 328 236 98 342 182 335 236 663 368 469 666 247 165 250 285 335 610 416 521 234 282 90 675 158 469 516 552 282 565 134 261 385 258 64 256 571 229 400 616 336 577 235 342 590 307 634 365 551 598 474 491 394 350 326 341 329 669 35 147 
104 535 102 316 196 611 90 86 582 64 673 484 440 297 230 208 687 352 561 409 226 215 384 513 397 264 489 594 499 45 469 374 204 65 111 621 560 397 547 548 511 551 413 314 336 312 486 26 388 481 401 154 514 283 433 271 546 439 197 632 625 145 0 341 398 662 393 406 592 523 335 355 58 471 304 82 292 226 173 293 455 214 330 74 405 493 98 133 73 318 426 272 139 108 200 66 200 100 588 225 488 579 107 310 215 412 190 526 390 459 205 379 63 596 289 477 568 542 422 520 138 293 481 136 204 176 574 368 456 638 346 467 247 314 501 406 533 324 517 654 391 365 251 410 402 236 389 686 178 280 
445 542 281 157 506 587 410 380 550 277 489 362 112 123 154 195 445 555 585 414 120 222 212 386 430 434 195 552 538 368 159 226 305 406 330 460 545 229 338 457 285 517 319 72 121 344 464 345 126 579 368 280 414 311 538 401 320 531 182 389 459 242 341 0 546 417 273 176 432 598 94 94 375 130 487 410 177 140 184 113 492 552 449 389 598 554 438 209 361 379 165 322 336 234 533 333 464 441 618 519 298 642 447 196 256 111 516 587 330 473 244 41 281 638 116 313 297 411 179 481 217 150 144 382 191 321 408 150 188 425 220 611 183 286 580 66 644 322 450 371 472 573 539 142 99 410 126 481 215 124 
405 225 481 626 289 304 335 316 293 414 521 358 655 427 397 359 607 88 222 200 495 569 400 372 167 135 556 311 171 359 567 377 252 393 296 463 263 396 482 344 485 278 318 573 621 210 240 423 486 100 247 299 341 237 65 150 501 85 379 572 472 506 398 546 0 592 346 697 446 150 605 482 445 642 95 445 375 417 396 435 159 391 97 336 79 144 422 424 325 172 700 224 270 410 360 335 223 392 235 256 436 203 381 641 294 656 330 163 281 189 308 561 422 231 578 403 569 389 707 272 386 400 622 262 539 253 443 660 511 536 361 71 363 274 130 582 137 239 303 641 103 96 242 496 529 165 487 558 525 575 
752 425 650 573 740 405 687 650 379 612 134 235 434 376 437 454 27 656 466 392 507 630 278 221 426 567 226 367 464 663 267 289 494 714 584 162 398 265 120 270 151 364 288 490 533 424 365 678 301 551 349 522 256 427 541 522 115 522 467 30 153 626 662 417 592 0 284 565 161 534 507 340 714 368 600 743 369 450 496 385 445 826 522 669 670 496 755 551 637 452 538 445 568 567 797 616 667 743 490 732 179 544 742 613 458 478 769 513 326 412 463 385 621 516 533 201 123 209 559 346 528 372 323 614 593 529 154 553 231 65 318 623 415 378 530 374 604 394 303 95 489 672 738 280 318 564 301 94 610 540 
475 275 405 412 456 314 407 369 277 353 280 100 358 163 196 194 307 393 320 163 300 421 65 129 190 291 212 280 282 387 230 46 211 439 304 230 274 54 164 189 147 245 47 332 386 148 195 412 165 343 110 244 147 144 314 245 173 300 214 257 234 393 393 273 346 284 0 449 201 349 361 181 448 325 330 474 122 216 246 175 240 543 260 390 419 304 480 304 358 182 437 162 286 313 514 340 384 465 352 449 106 385 463 444 180 379 486 334 70 215 187 267 362 374 361 86 227 158 452 209 271 141 294 331 383 246 182 420 168 249 59 397 159 95 335 279 407 116 178 308 249 411 457 166 211 283 166 295 389 364 
502 715 314 92 597 762 492 472 726 347 653 537 134 293 302 339 591 692 758 585 205 204 388 561 597 574 340 728 709 445 299 402 446 467 440 629 720 405 503 632 449 693 495 125 77 507 638 398 298 742 541 407 590 472 699 548 481 693 318 538 628 266 406 176 697 565 449 0 602 765 93 270 417 202 627 452 346 281 304 282 661 616 602 472 740 722 488 296 453 539 35 479 454 319 606 426 575 501 791 620 469 811 512 112 404 87 596 756 504 645 389 191 345 809 123 487 442 585 17 656 325 320 245 492 203 453 579 39 348 584 394 766 340 454 746 193 806 489 626 500 634 710 644 310 260 546 297 639 231 130 
670 265 605 586 632 245 598 561 218 554 83 110 486 348 393 395 169 517 305 251 490 614 233 83 284 444 280 207 306 584 319 232 400 636 498 29 237 216 108 110 159 203 180 501 553 309 209 613 306 395 220 441 105 323 390 401 137 370 415 153 33 592 592 432 446 161 201 602 0 374 526 339 649 431 468 673 319 412 447 359 291 726 388 583 525 338 676 504 552 329 583 339 477 514 696 537 555 659 329 617 134 383 655 622 377 521 666 353 211 260 387 411 564 355 538 124 211 58 601 187 473 332 388 517 575 434 24 581 258 97 256 470 359 281 372 412 445 283 146 241 345 532 620 293 342 447 307 113 584 543 
545 112 595 705 437 173 472 448 175 527 437 317 698 475 465 434 543 236 85 187 575 668 412 319 168 262 557 192 71 489 578 391 344 529 414 383 147 403 441 264 461 175 307 640 692 259 172 549 510 50 239 399 280 295 93 253 466 84 457 519 393 612 523 598 150 534 349 765 374 0 672 518 575 671 237 580 421 488 482 486 108 540 193 470 208 45 562 522 453 230 761 291 387 513 509 458 367 533 88 406 410 56 522 727 372 709 479 22 279 135 388 603 537 81 655 375 542 326 772 187 481 448 642 392 634 358 380 730 514 471 385 121 425 311 22 620 71 276 231 601 137 240 392 514 556 288 511 480 625 653 
436 624 253 67 519 674 416 393 637 272 583 453 119 202 209 246 534 602 666 492 118 162 304 479 505 483 282 641 616 370 243 316 354 399 355 554 630 321 432 548 379 604 407 32 26 414 548 332 220 648 450 317 505 378 605 456 413 600 226 479 554 206 335 94 605 507 361 93 526 672 0 188 356 175 536 391 254 188 214 190 569 549 509 396 649 629 424 214 373 446 98 386 367 239 535 345 491 434 699 539 392 719 442 107 311 79 522 663 414 553 296 122 273 717 49 407 385 504 103 567 238 229 207 407 144 363 503 59 280 518 305 673 247 362 653 136 713 396 539 454 541 619 562 236 191 455 220 574 173 59 
456 454 320 247 490 495 408 373 458 295 400 268 180 65 129 164 367 504 499 331 168 290 119 292 351 385 135 460 455 371 115 135 261 416 313 367 455 135 250 363 198 426 228 162 214 274 375 365 39 503 283 254 321 246 467 346 234 457 164 310 367 290 355 94 482 340 181 270 339 518 188 0 399 160 435 432 108 129 182 65 410 553 386 386 542 473 453 227 355 311 256 260 311 249 530 329 437 450 531 497 205 559 453 284 211 197 508 506 243 389 203 86 302 552 200 219 226 316 272 390 218 86 145 360 254 286 316 244 111 339 133 544 135 211 502 102 569 248 357 309 399 522 514 60 52 364 39 394 271 206 
87 591 104 325 213 667 116 129 638 104 729 541 467 344 279 261 740 392 616 466 256 215 437 570 453 314 534 650 554 86 512 428 261 63 167 677 616 451 601 605 563 608 470 339 352 369 543 36 434 532 458 211 572 340 484 325 599 491 247 684 682 152 58 375 445 714 448 417 649 575 356 399 0 504 350 36 345 271 221 339 510 202 383 110 446 547 71 172 122 374 441 330 194 150 197 122 235 90 642 247 542 631 103 313 272 434 196 579 447 515 262 414 97 649 307 533 617 599 434 577 186 344 517 184 215 233 630 381 504 692 400 512 300 371 553 441 581 381 574 703 445 404 274 456 444 287 435 741 186 297 
575 598 408 239 632 628 539 508 592 407 469 391 68 220 272 312 393 663 644 484 248 334 260 409 506 543 152 591 606 497 113 281 417 536 455 455 594 271 325 485 272 562 370 175 195 434 518 475 161 660 433 401 445 406 625 506 299 614 304 344 452 366 471 130 642 368 325 202 431 671 175 160 504 0 595 540 268 262 311 215 563 681 546 518 702 626 568 339 489 471 172 420 458 364 662 461 586 571 676 643 305 709 577 278 367 117 644 658 393 539 357 94 411 699 219 332 247 427 194 527 345 244 45 506 309 438 408 201 176 395 287 703 290 370 656 67 726 406 489 299 558 681 662 159 115 521 160 449 336 229 
310 290 391 550 202 371 240 222 354 325 549 368 598 374 334 293 619 68 298 218 422 484 372 388 187 53 528 370 239 265 532 351 183 298 206 490 325 373 483 378 476 332 313 505 550 182 280 330 446 189 252 220 365 196 144 90 499 158 310 576 498 419 304 487 95 600 330 627 468 237 536 435 350 595 0 350 327 351 322 381 211 305 81 241 113 220 328 343 231 149 633 179 183 326 274 243 130 298 317 173 431 292 287 561 231 593 243 247 275 233 243 507 333 317 505 402 557 410 638 316 306 350 580 169 457 174 461 588 483 551 329 162 306 242 215 531 232 214 338 637 138 87 165 459 485 81 447 581 441 500 
59 602 139 360 195 680 110 132 652 137 753 564 503 376 310 290 769 386 625 481 292 249 465 593 466 318 567 665 563 95 546 456 279 52 182 701 629 479 629 625 593 622 493 374 388 386 558 67 466 535 477 232 593 359 488 334 628 497 278 713 706 187 82 410 445 743 474 452 673 580 391 432 36 540 350 0 374 304 252 371 521 171 389 110 439 554 39 206 131 388 476 347 208 183 169 138 228 66 650 231 570 636 80 346 295 470 173 585 468 528 286 450 131 656 343 559 648 622 468 593 217 374 552 189 250 249 655 415 536 719 427 511 329 393 558 477 582 400 593 734 453 397 258 489 478 293 468 768 221 333 
386 370 288 298 398 423 327 290 386 243 393 222 281 54 75 84 395 395 412 239 180 300 92 251 253 277 215 392 363 297 210 87 157 347 225 348 377 107 257 309 219 353 161 223 277 169 295 309 121 402 196 162 267 138 363 238 254 354 99 340 351 274 292 177 375 369 122 346 319 421 254 108 345 268 327 374 0 95 130 65 316 470 278 307 434 377 387 187 274 204 341 152 217 200 445 251 338 377 445 400 200 466 378 327 108 288 420 411 161 299 105 187 252 463 246 196 279 279 352 316 160 27 252 266 261 186 297 313 175 349 63 438 45 110 403 207 468 146 292 365 296 414 415 138 158 258 123 400 267 248 
327 451 201 217 370 509 281 248 474 167 485 316 251 74 23 59 477 418 490 316 90 206 181 345 323 298 263 481 437 242 244 180 168 287 193 441 462 198 344 402 300 441 254 156 206 229 379 237 163 462 280 141 361 193 418 269 337 414 43 420 444 181 226 140 417 450 216 281 412 488 188 129 271 262 351 304 95 0 53 68 388 425 321 260 464 446 324 102 229 260 284 199 196 121 404 202 325 321 523 381 289 537 324 242 123 242 384 481 250 376 109 169 175 539 167 288 347 374 290 404 89 81 263 243 167 182 391 244 233 437 158 485 65 185 468 195 526 216 384 432 355 436 401 185 178 272 164 489 173 166 
275 457 159 229 321 521 229 197 487 117 523 345 294 124 59 55 522 388 493 321 100 190 222 375 323 270 315 495 436 190 296 217 144 235 146 476 472 237 387 425 345 454 279 185 228 227 390 185 214 451 293 103 386 190 405 247 382 403 32 466 479 149 173 184 396 496 246 304 447 482 214 182 221 311 322 252 130 53 0 119 388 373 304 208 436 442 271 58 178 252 313 191 154 71 352 151 281 268 525 335 329 534 272 246 110 279 333 477 268 380 94 217 125 539 183 325 396 404 316 419 36 124 314 198 154 149 426 266 283 479 191 466 88 195 461 244 514 221 403 482 345 405 356 236 230 242 216 530 150 179 
393 434 266 237 426 484 343 308 448 235 428 272 220 12 64 100 412 449 476 303 130 255 126 300 318 329 196 452 428 307 179 132 202 353 249 388 440 144 283 364 236 415 219 160 214 232 357 304 95 466 260 190 322 199 426 293 273 418 99 355 390 242 293 113 435 385 175 282 359 486 190 65 339 215 381 371 65 68 119 0 381 488 338 322 490 442 391 169 291 267 276 211 247 189 465 265 374 386 509 434 230 531 389 269 152 224 444 476 224 363 142 127 242 528 187 235 279 327 287 378 155 39 207 296 216 224 337 249 165 375 117 500 75 174 468 150 532 210 351 364 359 468 451 117 116 307 96 429 228 189 
495 82 515 605 408 163 419 389 143 448 364 217 590 370 365 337 457 241 107 79 477 577 303 224 65 213 449 159 48 427 470 282 260 472 344 306 114 294 343 186 358 122 199 537 590 161 82 481 402 108 130 316 189 199 99 188 366 79 361 427 315 526 455 492 159 445 240 661 291 108 569 410 510 563 211 521 316 388 388 381 0 511 139 412 238 63 509 433 390 141 656 199 316 428 480 389 331 482 137 382 307 150 473 629 279 603 448 96 171 32 295 496 458 151 555 272 440 237 668 112 392 342 534 333 542 281 292 627 407 385 277 179 324 207 95 512 169 173 146 504 74 253 376 405 448 233 403 403 536 554 
115 592 303 525 104 674 145 181 653 278 810 617 653 490 424 391 849 311 603 497 439 417 554 643 472 299 681 669 544 184 667 539 332 150 245 752 626 564 707 656 680 628 548 528 549 419 570 218 581 490 511 309 632 404 448 335 712 463 389 798 759 351 214 552 391 826 543 616 726 540 549 553 202 681 305 171 470 425 373 488 511 0 372 166 356 525 132 343 198 405 638 388 258 318 32 224 181 115 622 134 647 593 106 514 369 626 63 551 516 528 367 588 276 621 502 628 748 670 633 606 338 479 687 212 414 297 713 579 644 791 510 443 428 450 519 615 521 443 618 834 437 314 152 602 603 286 583 832 385 492 
359 221 404 533 269 302 284 257 281 335 469 289 558 330 301 263 540 134 237 137 402 483 308 308 107 74 465 297 175 297 473 286 160 339 221 409 253 307 407 298 404 257 237 478 526 116 202 356 391 153 173 211 284 140 105 61 424 109 285 499 418 423 330 449 97 522 260 602 388 193 509 386 383 546 81 389 278 321 304 338 139 372 0 279 160 164 374 337 260 79 604 127 194 325 341 265 192 346 261 245 356 249 337 550 198 559 309 196 199 156 214 464 345 267 485 326 486 330 612 238 297 303 527 200 451 167 381 565 420 471 268 164 267 180 171 486 212 147 258 563 66 152 241 402 433 97 392 501 440 482 
87 494 175 383 125 573 22 23 546 126 665 473 494 324 258 226 694 283 515 376 281 287 393 501 359 208 516 559 453 29 501 380 183 60 86 610 522 405 551 526 521 517 403 372 400 285 454 95 415 425 378 148 496 262 377 225 554 386 223 640 616 217 74 389 336 669 390 472 583 470 396 386 110 518 241 110 307 260 208 322 412 166 279 0 336 443 98 184 33 282 490 248 107 158 145 57 127 76 540 151 492 526 73 380 211 470 127 475 374 420 207 424 128 545 352 476 585 530 487 489 173 314 522 79 273 149 567 433 479 639 351 403 263 302 447 451 473 303 492 672 343 295 178 436 437 182 417 684 248 343 
392 298 498 663 262 374 330 320 367 433 600 436 709 483 446 405 686 54 289 278 535 595 468 450 245 166 625 385 244 363 633 446 295 388 316 542 336 467 559 423 560 355 393 618 663 276 319 430 549 161 324 334 420 297 140 197 578 161 423 649 551 528 405 598 79 670 419 740 525 208 649 542 446 702 113 439 434 464 436 490 238 356 160 336 0 214 411 455 333 239 746 283 294 438 327 349 211 380 297 225 512 254 367 674 342 706 301 226 355 268 355 617 440 287 619 480 643 468 751 350 420 458 685 272 569 287 522 702 580 615 428 92 416 339 193 640 170 307 382 718 181 43 204 561 591 194 551 637 552 614 
522 85 561 663 422 160 447 421 154 493 405 275 653 431 423 393 507 232 79 142 534 629 367 279 124 237 512 171 33 461 533 346 307 503 383 349 123 358 399 229 418 146 262 597 649 217 132 519 465 59 194 363 240 254 79 222 424 62 417 480 359 575 493 554 144 496 304 722 338 45 629 473 547 626 220 554 377 446 442 442 63 525 164 443 214 0 537 484 424 191 718 251 355 477 494 427 348 509 98 392 367 91 499 686 332 665 463 35 234 91 348 558 503 103 613 332 499 287 729 152 443 404 597 364 595 323 342 687 470 434 340 138 383 268 34 575 109 232 193 560 102 239 381 469 511 261 466 446 587 612 
21 590 174 396 160 670 90 121 643 161 758 567 534 394 328 303 780 359 611 474 321 286 477 595 457 301 587 657 549 93 567 466 278 41 180 704 619 490 639 623 605 614 496 406 422 382 551 93 486 516 474 236 592 358 469 321 639 479 294 725 710 222 98 438 422 755 480 488 676 562 424 453 71 568 328 39 387 324 271 391 509 132 374 98 411 537 0 230 126 380 511 344 203 206 130 140 202 31 635 197 579 618 45 383 300 502 135 568 469 518 293 476 157 639 376 566 664 624 504 587 236 390 578 176 285 245 660 451 554 728 437 486 342 395 539 503 559 399 589 751 439 368 223 508 501 277 487 775 257 366 
237 505 101 211 306 572 205 179 539 69 580 403 311 176 114 111 578 404 540 370 98 146 278 432 369 292 363 548 481 160 340 274 178 197 145 534 523 294 443 481 401 506 336 189 220 273 442 139 263 488 345 126 443 237 441 277 437 441 90 521 537 94 133 209 424 551 304 296 504 522 214 227 172 339 343 206 187 102 58 169 433 343 337 184 455 484 230 0 160 294 310 235 162 26 326 132 280 232 570 325 386 575 238 219 156 287 311 519 323 428 140 246 75 583 173 382 448 461 310 471 41 180 348 197 115 172 484 256 334 536 249 495 146 248 501 274 549 271 457 533 385 421 349 285 272 262 264 587 103 165 
118 471 168 365 146 549 53 20 521 109 634 442 468 292 227 194 661 279 494 350 257 275 361 470 335 192 484 534 432 37 470 347 152 86 54 579 498 372 519 497 488 491 371 348 379 257 427 99 383 410 349 115 467 232 361 203 522 369 192 608 585 205 73 361 325 637 358 453 552 453 373 355 122 489 231 131 274 229 178 291 390 198 260 33 333 424 126 160 0 256 469 219 78 135 175 28 131 107 520 167 459 509 105 365 179 446 155 457 344 396 174 395 114 527 331 444 553 499 467 462 144 282 492 63 257 120 536 413 447 607 319 393 231 271 430 423 460 273 464 639 323 292 192 404 406 165 385 652 234 323 
368 218 374 476 306 293 292 259 265 308 411 223 485 258 238 204 472 211 248 94 345 439 229 246 80 116 386 277 188 293 395 207 119 341 207 352 242 228 335 251 328 235 164 414 465 37 171 343 313 203 109 175 229 68 160 72 350 154 227 428 360 386 318 379 172 452 182 539 329 230 446 311 374 471 149 388 204 260 252 267 141 405 79 282 239 191 380 294 256 0 539 61 180 288 373 252 228 356 278 289 282 282 349 497 142 490 343 226 126 141 158 391 318 290 426 253 409 271 548 207 253 230 449 205 404 142 319 503 341 405 189 234 199 102 210 412 267 68 214 488 95 229 291 323 357 120 315 439 397 424 
524 707 337 117 615 751 510 488 714 365 630 522 105 287 303 342 564 699 751 579 216 232 375 545 593 580 315 716 703 464 273 391 451 488 452 608 710 391 481 618 427 682 483 128 90 505 629 420 281 740 533 416 576 471 698 552 458 692 323 512 607 289 426 165 700 538 437 35 583 761 98 256 441 172 633 476 341 284 313 276 656 638 604 490 746 718 511 310 469 539 0 479 465 334 626 441 589 523 783 635 450 807 533 143 407 62 616 752 496 638 392 173 364 803 138 470 415 568 22 646 336 314 216 505 226 461 559 61 326 559 385 768 339 450 743 171 805 486 614 471 633 717 659 291 240 553 280 614 254 147 
335 272 320 415 296 343 261 225 312 254 422 229 430 202 177 143 467 246 305 139 284 379 195 256 134 133 349 323 247 254 353 174 68 304 166 365 292 198 325 278 308 280 161 354 404 40 215 296 267 263 130 122 249 18 220 89 335 215 166 418 372 328 272 322 224 445 162 479 339 291 386 260 330 420 179 347 152 199 191 211 199 388 127 248 283 251 344 235 219 61 479 0 141 230 358 209 222 324 336 287 268 343 319 435 81 432 328 287 128 194 97 337 265 349 365 244 386 284 488 248 194 176 402 178 344 99 325 443 305 405 151 289 140 68 271 359 328 56 246 469 156 265 294 280 308 121 269 445 337 363 
194 396 211 373 181 473 122 84 445 144 559 367 447 246 187 147 592 242 422 273 250 302 297 395 259 135 431 457 360 113 423 281 77 163 28 504 422 306 450 420 423 415 296 339 378 179 350 165 334 347 271 57 390 155 298 134 454 303 154 540 510 236 139 336 270 568 286 454 477 387 367 311 194 458 183 208 217 196 154 247 316 258 194 107 294 355 203 162 78 180 465 141 0 144 230 73 129 183 449 186 390 443 179 381 112 433 204 389 267 321 112 365 152 458 331 372 492 423 467 385 130 230 454 50 275 43 461 415 392 535 253 341 178 196 364 391 402 196 386 578 253 259 205 353 363 105 336 579 258 325 
212 502 93 233 281 571 179 154 539 46 592 411 336 194 130 119 594 386 535 368 123 159 292 440 364 276 384 548 475 134 362 287 169 172 124 543 521 308 457 486 417 506 342 214 244 270 441 116 283 478 347 114 448 234 430 265 453 431 101 537 547 98 108 234 410 567 313 319 514 513 239 249 150 364 326 183 200 121 71 189 428 318 325 158 438 477 206 26 135 288 334 230 144 0 300 107 257 207 565 301 400 567 213 238 154 312 285 512 326 424 139 271 54 577 197 394 467 470 333 472 42 196 373 175 132 158 495 280 354 550 260 481 157 251 492 299 537 271 460 553 376 402 325 306 295 246 285 600 115 189 
110 560 295 515 72 642 123 157 621 262 779 586 637 466 401 367 821 281 572 465 423 409 527 613 440 267 657 637 512 166 644 511 303 139 219 722 594 536 678 624 653 596 518 513 536 388 538 208 557 460 480 282 601 374 417 303 684 432 366 769 728 342 200 533 360 797 514 606 696 509 535 530 197 662 274 169 445 404 352 465 480 32 341 145 327 494 130 326 175 373 626 358 230 300 0 202 149 107 591 104 619 563 95 506 342 611 31 520 485 496 341 568 262 590 489 599 721 640 622 574 317 455 666 183 403 269 683 568 619 761 483 413 403 421 488 596 491 413 587 808 406 285 123 578 581 255 559 802 376 480 
136 469 149 338 174 545 79 47 517 86 618 427 440 266 201 169 641 295 495 344 229 252 339 456 331 201 459 529 433 47 444 327 141 99 45 565 495 351 500 487 467 486 357 320 351 248 422 92 358 416 339 96 455 221 368 205 501 374 165 587 570 182 66 333 335 616 340 426 537 458 345 329 122 461 243 138 251 202 151 265 389 224 265 57 349 427 140 132 28 252 441 209 73 107 202 0 153 127 522 194 440 514 127 340 160 418 183 460 331 393 154 367 92 530 304 426 530 485 440 456 116 257 465 77 232 111 520 387 422 588 298 405 207 256 435 395 469 262 455 616 325 310 218 379 379 171 359 635 210 296 
183 412 298 490 78 494 119 115 473 239 638 447 575 372 315 275 689 158 425 318 373 405 408 472 292 119 552 488 365 155 547 390 182 177 136 580 445 415 548 478 529 448 382 464 500 247 390 222 458 319 336 185 457 240 274 156 557 287 283 641 587 335 200 464 223 667 384 575 555 367 491 437 235 586 130 228 338 325 281 374 331 181 192 127 211 348 202 280 131 228 589 222 129 257 149 153 0 171 446 64 490 422 159 493 230 559 118 376 346 347 234 493 245 447 452 466 603 498 589 426 254 354 581 84 385 152 544 536 510 626 363 285 302 289 345 520 358 275 440 688 257 169 77 476 489 108 459 664 363 445 
12 564 189 410 130 644 64 99 619 164 741 549 540 389 322 295 768 328 584 451 326 303 466 577 432 273 582 632 521 80 564 453 259 35 162 686 594 478 626 602 594 590 479 414 433 360 527 103 481 486 453 222 572 338 440 295 628 450 288 714 692 236 100 441 392 743 465 501 659 533 434 450 90 571 298 66 377 321 268 386 482 115 346 76 380 509 31 232 107 356 523 324 183 207 107 127 171 0 607 166 566 589 14 400 286 511 107 540 450 492 280 478 162 610 387 551 656 606 518 563 232 382 579 151 298 226 643 464 547 714 425 456 333 378 511 506 529 379 567 742 412 337 193 502 498 250 482 759 270 377 
619 78 652 739 519 96 545 518 112 584 380 296 710 498 499 473 496 323 33 207 612 714 417 290 202 334 548 126 90 557 575 398 397 600 477 331 93 405 411 222 441 127 306 668 721 298 158 614 517 137 250 453 249 335 174 317 439 159 497 480 341 663 588 618 235 490 352 791 329 88 699 531 642 676 317 650 445 523 525 509 137 622 261 540 297 98 635 570 520 278 783 336 449 565 591 522 446 607 0 489 392 59 597 764 416 728 560 72 288 147 432 617 594 26 688 358 517 289 796 155 529 471 643 461 678 416 339 758 509 425 399 209 458 339 106 631 146 307 199 566 197 328 476 517 563 358 518 425 673 688 
176 462 326 532 38 544 135 148 525 275 700 510 628 432 373 334 753 177 471 376 422 438 472 534 349 176 615 541 412 181 608 454 246 184 189 642 497 479 612 538 593 502 446 513 545 310 446 243 519 356 398 244 518 305 315 217 621 330 339 705 649 368 225 519 256 732 449 620 617 406 539 497 247 643 173 231 400 381 335 434 382 134 245 151 225 392 197 325 167 289 635 287 186 301 104 194 64 166 489 0 554 459 152 531 292 610 76 417 410 401 296 550 279 487 497 531 667 560 634 482 304 415 640 138 423 215 607 580 574 690 427 310 363 354 385 576 387 339 499 752 308 182 27 538 549 170 521 727 399 490 
576 316 487 452 561 330 510 472 295 443 198 96 356 220 272 282 202 491 362 239 360 485 108 106 271 394 161 291 339 487 194 114 316 539 406 162 302 92 60 182 51 268 119 367 418 251 239 506 172 415 189 344 145 250 395 348 68 377 299 151 162 469 488 298 436 179 106 469 134 410 392 205 542 305 431 570 200 289 329 230 307 647 356 492 512 367 579 386 459 282 450 268 390 400 619 440 490 566 392 554 0 435 565 488 281 388 591 392 157 276 286 278 452 417 405 35 134 122 468 237 359 208 265 436 447 350 111 447 129 150 142 479 244 201 401 279 475 219 194 207 334 508 562 159 209 388 173 201 458 410 
601 121 650 754 492 155 528 505 169 582 437 340 739 520 514 484 551 286 78 228 625 721 449 337 214 318 588 184 104 545 612 429 398 585 470 387 146 438 459 274 485 179 340 687 740 308 196 605 548 103 277 453 297 345 149 309 486 140 508 532 397 666 579 642 203 544 385 811 383 56 719 559 631 709 292 636 466 537 534 531 150 593 249 526 254 91 618 575 509 282 807 343 443 567 563 514 422 589 59 459 435 0 578 777 423 753 533 56 317 170 440 645 592 38 704 401 564 339 818 201 534 492 678 448 686 413 391 777 547 480 426 163 474 357 79 660 92 323 246 617 191 289 444 550 595 345 550 482 679 703 
25 555 200 420 116 636 57 94 611 172 738 545 548 392 325 296 766 315 574 443 333 314 465 573 424 263 584 625 512 82 568 453 255 44 159 683 585 477 624 596 593 582 475 422 443 355 520 113 483 475 448 220 567 333 429 287 627 440 290 713 689 247 107 447 381 742 463 512 655 522 442 453 103 577 287 80 378 324 272 389 473 106 337 73 367 499 45 238 105 349 533 319 179 213 95 127 159 14 597 152 565 578 0 411 284 520 93 529 446 484 279 484 170 600 396 549 656 602 528 556 236 384 584 144 309 221 640 474 549 712 424 443 334 374 500 511 517 374 561 743 402 324 179 505 502 241 485 757 281 387 
399 693 211 40 505 749 398 383 713 256 683 541 215 281 265 293 640 623 732 557 152 97 392 568 564 510 388 719 678 351 350 401 390 367 362 650 703 410 532 633 480 680 487 123 83 469 620 298 319 697 521 342 591 432 652 492 515 649 269 584 651 165 310 196 641 613 444 112 622 727 107 284 313 278 561 346 327 242 246 269 629 514 550 380 674 686 383 219 365 497 143 435 381 238 506 340 493 400 764 531 488 777 411 0 355 167 500 721 488 618 339 228 252 780 84 500 491 594 129 643 255 304 313 412 108 389 599 85 384 620 385 711 307 426 706 243 760 457 619 561 591 640 556 337 295 481 319 676 132 80 
296 350 246 336 291 417 229 191 384 184 458 269 367 147 104 65 483 299 385 214 205 299 185 298 214 178 323 394 327 208 317 170 50 260 125 406 367 195 341 336 311 352 198 280 328 118 287 237 228 342 193 64 300 81 297 146 344 294 87 430 411 250 215 256 294 458 180 404 377 372 311 211 272 367 231 295 108 123 110 152 279 369 198 211 342 332 300 156 179 142 407 81 112 154 342 160 230 286 416 292 281 423 284 355 0 364 316 367 176 272 16 277 195 429 287 266 380 327 414 318 115 126 356 160 263 77 360 367 282 428 141 362 77 100 351 302 406 117 308 466 236 317 307 246 262 155 230 474 258 284 
514 651 332 131 592 692 491 465 656 348 569 462 50 234 260 300 504 660 695 525 189 239 316 485 541 540 253 657 649 445 212 332 411 476 423 546 652 331 419 558 365 624 425 98 89 456 572 410 220 690 478 380 516 422 650 509 396 642 284 451 545 285 412 111 656 478 379 87 521 709 79 197 434 117 593 470 288 242 279 224 603 626 559 470 706 665 502 287 446 490 62 432 433 312 611 418 559 511 728 610 388 753 520 167 364 0 597 699 439 583 350 113 349 748 128 409 355 506 82 587 306 262 158 476 223 424 497 85 264 498 329 722 292 398 691 109 756 434 554 414 583 679 632 229 179 514 219 553 252 138 
114 529 289 506 41 611 106 136 590 251 749 557 621 444 380 345 793 253 541 434 409 404 500 583 409 236 634 606 481 152 622 484 276 135 196 692 563 509 650 594 626 565 489 499 525 358 507 202 535 430 449 258 571 345 387 272 657 401 345 742 699 335 190 516 330 769 486 596 666 479 522 508 196 644 243 173 420 384 333 444 448 63 309 127 301 463 135 311 155 343 616 328 204 285 31 183 118 107 560 76 591 533 93 500 316 597 0 489 456 465 316 550 251 559 478 571 696 610 612 543 299 431 646 156 395 241 653 558 595 732 456 385 379 392 457 578 462 383 556 782 374 258 98 555 559 224 536 773 368 469 
552 90 595 698 448 151 478 453 153 527 415 298 686 465 458 428 522 251 64 175 569 665 398 299 159 267 541 170 53 493 563 377 342 534 416 361 124 388 421 243 442 153 291 632 684 252 153 552 497 65 225 398 259 289 102 255 447 89 452 499 371 610 526 587 163 513 334 756 353 22 663 506 579 658 247 585 411 481 477 476 96 551 196 475 226 35 568 519 457 226 752 287 389 512 520 460 376 540 72 417 392 56 529 721 367 699 489 0 265 119 383 591 537 71 648 357 523 305 763 166 478 438 628 396 630 358 359 722 499 450 373 141 418 302 34 607 93 267 210 581 136 256 404 499 543 293 498 458 623 647 
461 212 419 459 422 261 388 352 225 360 294 101 423 212 227 212 346 333 255 93 338 453 133 128 120 241 282 231 213 377 300 112 191 428 289 237 216 124 209 160 205 192 38 384 437 100 134 412 232 273 40 236 124 112 245 196 225 230 236 302 244 416 390 330 281 326 70 504 211 279 414 243 447 393 275 468 161 250 268 224 171 516 199 374 355 234 469 323 344 126 496 128 267 326 485 331 346 450 288 410 157 317 446 488 176 439 456 265 0 146 189 329 370 309 408 127 288 156 509 155 285 186 363 306 415 225 198 473 238 281 111 328 185 76 265 344 337 73 135 364 181 351 414 234 278 240 233 318 417 409 
505 78 513 592 425 153 429 397 126 447 333 185 569 352 353 327 425 268 114 60 465 570 279 192 62 229 422 141 67 433 443 258 259 480 348 275 102 269 311 155 327 100 172 521 575 155 52 484 378 140 107 315 157 191 131 198 335 111 352 395 284 521 459 473 189 412 215 645 260 135 553 389 515 539 233 528 299 376 380 363 32 528 156 420 268 91 518 428 396 141 638 194 321 424 496 393 347 492 147 401 276 170 484 618 272 583 465 119 146 0 288 475 458 165 541 242 409 205 651 84 387 325 508 342 533 283 260 612 379 353 256 211 311 192 124 490 199 160 115 473 96 281 396 380 424 245 379 371 529 541 
290 366 232 320 293 433 225 188 399 171 467 279 355 138 91 50 488 311 401 230 189 282 187 308 230 190 320 409 343 201 312 174 61 253 122 415 383 198 346 348 315 367 209 265 313 134 302 226 223 358 207 59 312 97 313 160 348 310 71 434 420 234 205 244 308 463 187 389 387 388 296 203 262 357 243 286 105 109 94 142 295 367 214 207 355 348 293 140 174 158 392 97 112 139 341 154 234 280 432 296 286 440 279 339 16 350 316 383 189 288 0 266 182 446 271 273 381 338 399 332 100 120 348 162 247 83 369 351 279 435 145 377 68 113 367 292 422 132 322 467 252 329 312 242 255 166 225 482 241 268 
483 540 322 189 538 580 445 414 543 315 464 349 95 134 179 220 412 575 585 417 160 262 204 372 435 455 160 545 541 404 122 220 327 443 361 438 541 219 313 445 259 511 313 107 149 355 461 384 107 587 369 308 403 324 549 420 293 540 210 357 437 282 379 41 561 385 267 191 411 603 122 86 414 94 507 450 187 169 217 127 496 588 464 424 617 558 476 246 395 391 173 337 365 271 568 367 493 478 617 550 278 645 484 228 277 113 550 591 329 475 266 0 320 638 152 297 263 395 191 475 251 161 104 412 231 347 388 171 159 397 219 624 201 294 586 28 653 331 442 334 482 594 569 119 70 432 107 452 255 161 
165 535 59 255 254 607 147 132 576 10 642 458 378 248 184 170 647 387 565 403 164 160 345 488 397 287 437 586 504 100 415 338 199 127 127 593 557 360 510 530 470 544 389 252 274 305 479 64 337 498 387 143 494 271 450 284 506 453 154 591 597 90 63 281 422 621 362 345 564 537 273 302 97 411 333 131 252 175 125 242 458 276 345 128 440 503 157 75 114 318 364 265 152 54 262 92 245 162 594 279 452 592 170 252 195 349 251 537 370 458 182 320 0 604 227 445 521 517 361 511 93 249 422 169 145 179 544 307 407 602 311 493 208 294 515 347 554 310 503 606 401 402 304 359 347 257 338 652 120 218 
623 101 662 756 518 120 549 523 138 595 405 321 732 517 516 488 522 317 55 225 628 728 439 316 216 338 572 152 103 563 598 419 408 605 485 357 118 427 437 248 466 153 329 686 739 312 181 622 539 131 270 464 275 350 173 324 464 160 512 506 367 675 596 638 231 516 374 809 355 81 717 552 649 699 317 656 463 539 539 528 151 621 267 545 287 103 639 583 527 290 803 349 458 577 590 530 447 610 26 487 417 38 600 780 429 748 559 71 309 165 446 638 604 0 705 383 543 315 815 180 542 489 666 467 693 425 365 776 533 451 419 197 474 356 102 652 129 323 224 592 205 321 473 539 585 363 540 451 686 704 
388 615 205 51 476 669 372 350 633 227 600 458 167 199 189 222 560 570 655 481 83 115 309 484 490 453 311 638 603 325 274 318 327 352 317 566 624 326 450 550 397 600 405 45 48 396 541 284 237 628 442 285 508 359 584 429 433 580 200 504 567 158 289 116 578 533 361 123 538 655 49 200 307 219 505 343 246 167 183 187 555 502 485 352 619 613 376 173 331 426 138 365 331 197 489 304 452 387 688 497 405 704 396 84 287 128 478 648 408 541 271 152 227 705 0 416 413 511 137 563 201 223 247 369 95 331 515 84 303 538 303 648 230 349 635 172 692 382 537 487 521 587 521 255 215 424 237 594 124 11 
561 282 484 464 540 298 493 455 263 435 198 62 379 224 270 275 223 460 327 205 365 489 109 77 238 367 192 260 304 473 223 108 296 525 390 153 269 92 82 153 86 235 89 381 433 223 205 497 190 380 156 330 114 226 361 321 98 343 293 176 156 469 477 313 403 201 86 487 124 375 407 219 533 332 402 559 196 288 325 235 272 628 326 476 480 332 566 382 444 253 470 244 372 394 599 426 466 551 358 531 35 401 549 500 266 409 571 357 127 242 273 297 445 383 416 0 168 98 487 203 352 208 293 416 451 331 102 463 157 163 134 445 237 178 366 301 441 193 161 238 301 477 537 180 231 363 190 209 460 420 
664 444 545 452 670 446 605 568 414 513 228 225 311 273 338 361 149 620 489 373 394 514 196 227 404 517 103 406 471 575 144 214 422 625 503 227 426 189 108 298 83 391 251 369 411 375 370 582 188 548 322 439 268 368 528 471 79 511 371 97 222 516 568 297 569 123 227 442 211 542 385 226 617 247 557 648 279 347 396 279 440 748 486 585 643 499 664 448 553 409 415 386 492 467 721 530 603 656 517 667 134 564 656 491 380 355 696 523 288 409 381 263 521 543 413 168 0 231 436 363 431 274 201 540 479 455 191 430 116 152 241 612 323 318 533 251 608 343 319 87 467 637 678 166 198 507 188 203 497 421 
617 219 562 560 575 215 544 507 183 507 140 59 476 315 354 351 221 459 262 193 455 578 202 29 226 386 281 176 255 532 316 195 347 583 445 82 196 184 124 67 162 162 129 477 529 252 156 564 287 342 162 390 48 268 335 343 152 315 372 194 89 552 542 411 389 209 158 585 58 326 504 316 599 427 410 622 279 374 404 327 237 670 330 530 468 287 624 461 499 271 568 284 423 470 640 485 498 606 289 560 122 339 602 594 327 506 610 305 156 205 338 395 517 315 511 98 231 0 585 139 428 296 386 462 539 380 55 560 251 148 216 416 316 229 322 399 395 228 95 278 287 475 562 277 328 390 288 171 546 515 
518 721 330 108 612 766 507 487 729 362 650 539 126 299 311 349 585 704 763 591 218 222 391 562 604 585 335 731 715 460 294 405 457 483 453 627 724 407 500 634 446 697 498 134 90 515 643 415 298 750 546 419 592 480 707 559 478 701 329 533 626 282 422 179 707 559 452 17 601 772 103 272 434 194 638 468 352 290 316 287 668 633 612 487 751 729 504 310 467 548 22 488 467 333 622 440 589 518 796 634 468 818 528 129 414 82 612 763 509 651 399 191 361 815 137 487 436 585 0 660 337 326 238 506 219 465 577 54 345 580 399 776 348 461 753 190 815 496 629 493 642 721 658 309 259 558 297 634 248 144 
575 81 564 614 504 106 499 466 70 501 254 142 566 366 382 363 356 352 125 112 493 607 272 136 134 308 395 77 119 498 423 255 316 548 411 198 67 258 258 77 286 37 162 537 591 208 36 544 371 209 126 370 95 240 211 272 285 190 388 333 207 565 520 481 272 346 209 656 187 187 567 390 577 527 316 593 316 404 419 378 112 606 238 489 350 152 587 471 462 207 646 248 385 472 574 456 426 563 155 482 237 201 556 643 318 587 543 166 155 84 332 475 511 180 563 203 363 139 660 0 432 340 492 412 569 345 192 626 357 284 262 286 339 223 185 486 258 201 44 416 179 364 478 368 417 321 372 295 569 564 
239 465 134 244 289 532 194 163 499 84 550 369 325 159 93 78 555 370 499 329 120 187 252 398 328 255 351 508 440 154 333 245 137 198 117 502 483 267 417 444 378 466 300 210 248 232 402 151 250 448 306 87 407 196 401 237 413 400 61 498 506 134 138 217 386 528 271 325 473 481 238 218 186 345 306 217 160 89 36 155 392 338 297 173 420 443 236 41 144 253 336 194 130 42 317 116 254 232 529 304 359 534 236 255 115 306 299 478 285 387 100 251 93 542 201 352 431 428 337 432 0 157 349 170 154 134 453 285 319 509 218 456 115 210 460 279 509 231 419 517 344 387 326 272 267 226 251 559 144 195 
390 396 280 274 411 447 335 298 410 241 404 240 255 28 66 88 398 418 438 265 160 282 100 268 279 299 202 415 389 302 193 101 176 351 236 361 402 117 264 329 221 377 183 198 252 195 319 308 104 429 221 174 287 164 389 261 258 381 97 342 364 261 293 150 400 372 141 320 332 448 229 86 344 244 350 374 27 81 124 39 342 479 303 314 458 404 390 180 282 230 314 176 230 196 455 257 354 382 471 415 208 492 384 304 126 262 431 438 186 325 120 161 249 489 223 208 274 296 326 340 157 0 231 280 244 202 310 288 165 356 81 464 52 136 430 182 494 172 315 361 322 437 431 123 137 279 106 409 252 225 
584 565 425 274 631 591 543 510 555 417 425 354 111 210 268 307 348 648 610 455 263 361 230 370 479 530 108 553 575 503 70 252 406 544 454 411 558 240 281 446 229 526 338 202 230 412 485 486 136 633 403 397 407 387 600 490 255 588 302 298 408 385 481 144 622 323 294 245 388 642 207 145 517 45 580 552 252 263 314 207 534 687 527 522 685 597 578 348 492 449 216 402 454 373 666 465 581 579 643 640 265 678 584 313 356 158 646 628 363 508 348 104 422 666 247 293 201 386 238 492 349 231 0 503 333 431 365 240 136 350 262 681 280 348 628 78 699 383 452 255 533 666 658 129 94 510 135 403 358 257 
163 415 226 407 131 494 87 57 468 162 600 407 492 295 235 196 638 219 436 300 290 327 345 434 281 130 481 482 374 98 472 329 120 139 53 543 443 354 495 453 470 439 338 380 416 212 377 161 384 348 305 107 426 194 300 145 501 308 202 586 550 258 136 382 262 614 331 492 517 392 407 360 184 506 169 189 266 243 198 296 333 212 200 79 272 364 176 197 63 205 505 178 50 175 183 77 84 151 461 138 436 448 144 412 160 476 156 396 306 342 162 412 169 467 369 416 540 462 506 412 170 280 503 0 304 86 503 453 441 579 300 331 227 239 369 439 398 234 418 626 264 234 157 403 412 103 385 621 284 362 
299 610 112 112 398 673 292 275 638 148 644 482 261 227 189 207 621 517 647 474 87 39 342 511 477 407 381 645 590 245 348 345 292 264 255 604 625 359 498 569 449 605 421 134 138 380 542 195 292 602 443 241 528 343 555 392 486 554 182 563 606 64 204 191 539 593 383 203 575 634 144 254 215 309 457 250 261 167 154 216 542 414 451 273 569 595 285 115 257 404 226 344 275 132 403 232 385 298 678 423 447 686 309 108 263 223 395 630 415 533 247 231 145 693 95 451 479 539 219 569 154 244 333 304 0 287 553 166 364 590 324 610 230 346 613 255 663 374 550 558 497 534 448 314 283 377 293 644 29 85 
237 360 238 376 215 435 164 127 406 169 517 324 433 221 168 127 552 239 388 233 248 317 260 352 221 122 400 418 326 155 394 243 35 205 67 461 384 268 409 377 384 375 254 333 376 137 310 201 305 320 229 47 347 112 272 106 415 275 140 501 468 256 176 321 253 529 246 453 434 358 363 286 233 438 174 249 186 182 149 224 281 297 167 149 287 323 245 172 120 142 461 99 43 158 269 111 152 226 416 215 350 413 221 389 77 424 241 358 225 283 83 347 179 425 331 331 455 380 465 345 134 202 431 86 287 0 419 415 359 494 215 323 151 154 336 372 379 154 344 541 221 256 229 323 338 93 307 537 273 327 
654 272 585 562 620 259 583 546 230 535 98 97 463 326 372 375 165 512 313 246 467 591 211 73 279 435 257 220 310 567 296 210 385 619 482 52 247 194 86 117 136 212 165 478 529 297 211 595 283 397 210 424 103 309 390 391 115 370 394 141 53 571 574 408 443 154 182 579 24 380 503 316 630 408 461 655 297 391 426 337 292 713 381 567 522 342 660 484 536 319 559 325 461 495 683 520 544 643 339 607 111 391 640 599 360 497 653 359 198 260 369 388 544 365 515 102 191 55 577 192 453 310 365 503 553 419 0 557 234 93 235 471 339 265 376 388 450 270 149 228 341 528 610 269 319 436 283 121 562 520 
464 683 277 56 559 733 453 433 696 308 635 511 135 261 266 302 580 653 725 551 166 171 361 536 563 535 327 699 675 406 287 374 408 429 401 608 689 378 484 606 430 663 465 90 39 472 607 361 275 706 509 368 563 436 662 510 464 657 281 526 607 229 368 150 660 553 420 39 581 730 59 244 381 201 588 415 313 244 266 249 627 579 565 433 702 687 451 256 413 503 61 443 415 280 568 387 536 464 758 580 447 777 474 85 367 85 558 722 473 612 351 171 307 776 84 463 430 560 54 626 285 288 240 453 166 415 557 0 331 568 364 729 305 420 711 179 770 455 597 494 598 671 605 289 241 507 274 623 194 91 
555 432 429 345 572 455 499 463 419 400 305 217 228 160 226 253 258 549 477 330 279 400 112 234 358 437 45 417 446 467 66 134 328 515 400 283 423 115 155 310 101 390 208 261 307 305 352 469 72 510 277 337 270 288 482 394 133 468 260 201 281 400 456 188 511 231 168 348 258 514 280 111 504 176 483 536 175 233 283 165 407 644 420 479 580 470 554 334 447 341 326 305 392 354 619 422 510 547 509 574 129 547 549 384 282 264 595 499 238 379 279 159 407 533 303 157 116 251 345 357 319 165 136 441 364 359 234 331 0 238 154 564 216 241 502 155 575 273 317 199 416 568 587 50 90 423 72 293 381 310 
724 362 637 582 701 340 656 618 314 593 78 183 457 366 422 432 72 604 402 338 503 627 257 165 371 521 245 302 402 636 286 264 459 687 553 96 334 242 93 207 141 300 244 497 544 380 304 656 302 490 299 492 196 387 483 476 105 464 449 65 88 616 638 425 536 65 249 584 97 471 518 339 692 395 551 719 349 437 479 375 385 791 471 639 615 434 728 536 607 405 559 405 535 550 761 588 626 714 425 690 150 480 712 620 428 498 732 450 281 353 435 397 602 451 538 163 152 148 580 284 509 356 350 579 590 494 93 568 238 0 292 564 394 341 469 391 542 351 242 154 434 619 695 283 328 520 302 55 603 545 
434 322 350 354 430 368 370 332 332 301 332 159 313 105 138 141 343 395 366 198 241 362 45 188 219 284 198 335 322 345 206 29 182 397 266 285 326 54 202 248 170 299 102 276 329 152 244 364 126 373 150 204 206 134 338 240 203 327 159 289 289 336 346 220 361 318 59 394 256 385 305 133 400 287 329 427 63 158 191 117 277 510 268 351 428 340 437 249 319 189 385 151 253 260 483 298 363 425 399 427 142 426 424 385 141 329 456 373 111 256 145 219 311 419 303 134 241 216 399 262 218 81 262 300 324 215 235 364 154 292 0 419 103 88 369 234 438 122 234 326 271 414 438 135 172 270 128 342 330 306 
468 223 552 696 345 293 400 384 291 484 540 393 719 491 465 427 636 132 206 240 565 640 454 403 209 206 609 308 170 427 623 432 322 459 366 483 260 449 519 363 529 284 363 642 690 270 261 492 544 80 291 370 368 300 84 220 541 102 448 606 493 577 467 611 71 623 397 766 470 121 673 544 512 703 162 511 438 485 466 500 179 443 164 403 92 138 486 495 393 234 768 289 341 481 413 405 285 456 209 310 479 163 443 711 362 722 385 141 328 211 377 624 493 197 648 445 612 416 776 286 456 464 681 331 610 323 471 729 564 564 419 0 430 333 109 645 78 297 324 681 148 130 291 553 589 236 546 580 596 645 
341 386 247 281 359 444 283 247 409 199 435 258 293 70 42 39 440 374 425 251 155 268 137 287 259 254 255 416 372 253 245 130 127 302 184 388 397 152 302 340 264 376 193 215 267 167 314 264 156 402 215 121 300 132 359 219 299 353 56 385 392 235 247 183 363 415 159 340 359 425 247 135 300 290 306 329 45 65 88 75 324 428 267 263 416 383 342 146 231 199 339 140 178 157 403 207 302 333 458 363 244 474 334 307 77 292 379 418 185 311 68 201 208 474 230 237 323 316 348 339 115 52 280 227 230 151 339 305 216 394 103 430 0 119 406 225 467 151 320 410 294 393 380 176 187 232 158 444 233 230 
389 267 344 400 361 327 318 280 292 284 363 171 389 164 161 140 401 308 306 132 274 384 130 200 143 199 286 300 255 303 294 108 120 355 216 309 279 131 259 236 241 259 101 330 383 64 196 336 212 293 97 161 201 50 255 154 268 246 164 351 314 342 314 286 274 378 95 454 281 311 362 211 371 370 242 393 110 185 195 174 207 450 180 302 339 268 395 248 271 102 450 68 196 251 421 256 289 378 339 354 201 357 374 426 100 398 392 302 76 192 113 294 294 356 349 178 318 229 461 223 210 136 348 239 346 154 265 420 241 341 88 333 119 0 294 313 359 36 209 401 188 326 362 222 256 189 214 383 345 349 
523 115 573 685 416 183 450 426 182 505 438 309 681 457 446 413 541 217 97 172 555 646 398 313 151 239 545 199 66 467 565 376 323 507 392 383 152 389 434 263 452 177 294 621 673 239 166 527 495 32 225 377 275 276 71 231 458 62 437 515 392 590 501 580 130 530 335 746 372 22 653 502 553 656 215 558 403 468 461 468 95 519 171 447 193 34 539 501 430 210 743 271 364 492 488 435 345 511 106 385 401 79 500 706 351 691 457 34 265 124 367 586 515 102 635 366 533 322 753 185 460 430 628 369 613 336 376 711 502 469 369 109 406 294 0 603 75 258 227 595 116 222 371 499 541 266 496 480 604 633 
510 553 348 203 565 590 473 441 553 343 460 356 80 157 205 246 401 599 598 433 186 284 214 378 453 479 149 554 556 431 108 233 352 471 388 437 552 228 310 452 256 522 325 126 161 375 473 411 115 605 383 334 410 346 568 443 288 559 237 347 436 307 406 66 582 374 279 193 412 620 136 102 441 67 531 477 207 195 244 150 512 615 486 451 640 575 503 274 423 412 171 359 391 299 596 395 520 506 631 576 279 660 511 243 302 109 578 607 344 490 292 28 347 652 172 301 251 399 190 486 279 182 78 439 255 372 388 179 155 391 234 645 225 313 603 0 671 350 451 318 501 618 596 121 71 457 114 446 280 181 
541 182 613 741 422 238 472 453 245 545 508 384 748 522 505 470 614 210 152 244 610 695 469 388 219 269 618 261 140 495 637 447 371 530 428 454 217 461 509 335 526 246 367 681 732 300 241 559 565 66 297 423 349 335 108 272 533 114 492 589 464 634 533 644 137 604 407 806 445 71 713 569 581 726 232 582 468 526 514 532 169 521 212 473 170 109 559 549 460 267 805 328 402 537 491 469 358 529 146 387 475 92 517 760 406 756 462 93 337 199 422 653 554 129 692 441 608 395 815 258 509 494 699 398 663 379 450 770 575 542 438 78 467 359 75 671 0 322 301 670 173 209 369 570 610 298 566 551 651 690 
390 237 363 433 350 301 317 280 268 300 367 174 425 200 193 167 415 278 275 100 305 411 161 200 108 175 318 277 221 307 328 139 121 359 220 310 252 160 275 225 263 235 107 365 417 32 171 347 247 257 77 171 193 41 219 129 287 209 192 368 316 365 324 322 239 394 116 489 283 276 396 248 381 406 214 400 146 216 221 210 173 443 147 303 307 232 399 271 273 68 486 56 196 271 413 262 275 379 307 339 219 323 374 457 117 434 383 267 73 160 132 331 310 323 382 193 343 228 496 201 231 172 383 234 374 154 270 455 273 351 122 297 151 36 258 350 322 0 194 423 152 296 345 257 292 170 249 390 371 381 
579 125 553 588 518 139 504 469 103 492 218 100 531 339 361 347 314 380 170 122 471 588 238 92 151 323 354 103 161 499 383 224 314 549 411 160 108 223 214 41 242 74 132 509 563 207 64 541 336 249 116 364 51 234 246 284 241 225 371 289 169 551 517 450 303 303 178 626 146 231 539 357 574 489 338 593 292 384 403 351 146 618 258 492 382 193 589 457 464 214 614 246 386 460 587 455 440 567 199 499 194 246 561 619 308 554 556 210 135 115 322 442 503 224 537 161 319 95 629 44 419 315 452 418 550 344 149 597 317 242 234 324 320 209 227 451 301 194 0 372 206 393 497 332 381 332 337 256 552 539 
751 497 628 521 756 486 692 654 457 599 228 288 366 358 424 448 111 697 540 443 475 592 281 282 475 598 177 447 530 662 212 298 508 711 589 248 474 273 162 344 161 439 326 442 479 455 429 668 271 613 394 526 322 451 597 552 140 579 457 90 240 598 654 371 641 95 308 500 241 601 454 309 703 299 637 734 365 432 482 364 504 834 563 672 718 560 751 533 639 488 471 469 578 553 808 616 688 742 566 752 207 617 743 561 466 414 782 581 364 473 467 334 606 592 487 238 87 278 493 416 517 361 255 626 558 541 228 494 199 154 326 681 410 401 595 318 670 423 372 0 539 715 762 249 275 590 270 189 577 495 
424 155 459 571 334 237 349 321 217 391 422 255 577 350 333 299 505 174 172 97 440 531 306 269 64 140 460 233 110 360 475 283 207 403 281 363 189 301 379 246 384 195 217 509 560 128 145 417 398 107 145 262 240 162 67 120 399 59 322 468 372 474 391 472 103 489 249 634 345 137 541 399 445 558 138 453 296 355 345 359 74 437 66 343 181 102 439 385 323 95 633 156 253 376 406 325 257 412 197 308 334 191 402 591 236 583 374 136 181 96 252 482 401 205 521 301 467 287 642 179 344 322 533 264 497 221 341 598 416 434 271 148 294 188 116 501 173 152 206 539 0 188 302 405 443 162 399 458 488 519 
349 321 459 631 218 399 288 279 389 395 610 438 684 461 420 379 689 19 317 282 504 559 456 455 248 139 612 406 266 322 618 434 269 345 279 551 358 456 558 434 555 373 389 589 633 264 332 389 532 191 323 302 427 281 161 176 575 181 395 650 560 491 365 573 96 672 411 710 532 240 619 522 404 681 87 397 414 436 405 468 253 314 152 295 43 239 368 421 292 229 717 265 259 402 285 310 169 337 328 182 508 289 324 640 317 679 258 256 351 281 329 594 402 321 587 477 637 475 721 364 387 437 666 234 534 256 528 671 568 619 414 130 393 326 222 618 209 296 393 715 188 0 162 545 572 164 534 645 516 582 
202 454 353 556 63 536 162 173 518 301 702 514 649 449 391 351 760 159 460 375 444 464 483 537 347 176 629 535 402 207 624 465 259 211 209 643 489 489 619 537 602 496 451 535 569 315 443 270 535 342 400 262 519 313 303 219 630 319 359 712 651 394 251 539 242 738 457 644 620 392 562 514 274 662 165 258 415 401 356 451 376 152 241 178 204 381 223 349 192 291 659 294 205 325 123 218 77 193 476 27 562 444 179 556 307 632 98 404 414 396 312 569 304 473 521 537 678 562 658 478 326 431 658 157 448 229 610 605 587 695 438 291 380 362 371 596 369 345 497 762 302 162 0 553 566 175 536 731 425 514 
510 439 379 299 534 471 457 421 434 352 347 236 200 113 180 210 307 526 484 327 229 350 102 256 351 411 80 434 447 423 73 123 295 470 359 319 435 112 196 331 143 404 211 214 262 286 359 421 22 505 275 297 290 264 472 369 178 460 215 250 319 350 410 142 496 280 166 310 293 514 236 60 456 159 459 489 138 185 236 117 405 602 402 436 561 469 508 285 404 323 291 280 353 306 578 379 476 502 517 538 159 550 505 337 246 229 555 499 234 380 242 119 359 539 255 180 166 277 309 368 272 123 129 403 314 323 269 289 50 283 135 553 176 222 499 121 570 257 332 249 405 545 553 0 51 394 22 339 331 262 
505 486 360 256 542 520 458 424 483 341 394 286 150 117 180 216 345 553 531 369 202 317 146 307 391 435 98 483 491 420 68 166 313 465 365 369 483 159 243 381 189 452 257 172 217 320 406 411 46 545 318 306 340 294 510 396 223 499 214 289 368 326 402 99 529 318 211 260 342 556 191 52 444 115 485 478 158 178 230 116 448 603 433 437 591 511 501 272 406 357 240 308 363 295 581 379 489 498 563 549 209 595 502 295 262 179 559 543 278 424 255 70 347 585 215 231 198 328 259 417 267 137 94 412 283 338 319 241 90 328 172 589 187 256 541 71 610 292 381 275 443 572 566 51 0 415 45 383 303 223 
262 315 316 469 186 395 187 160 371 248 530 340 521 301 256 215 585 146 334 210 341 405 315 364 187 30 466 386 272 201 466 295 105 242 130 471 345 319 444 370 429 344 276 425 469 140 284 262 378 245 228 139 349 139 197 48 456 204 231 538 479 341 236 410 165 564 283 546 447 288 455 364 287 521 81 293 258 272 242 307 233 286 97 182 194 261 277 262 165 120 553 121 105 246 255 171 108 250 358 170 388 345 241 481 155 514 224 293 240 245 166 432 257 363 424 363 507 390 558 321 226 279 510 103 377 93 436 507 423 520 270 236 232 189 266 457 298 170 332 590 162 164 175 394 415 0 380 557 361 419 
489 441 358 282 516 476 437 402 439 331 364 243 194 93 160 191 328 515 486 324 207 329 101 266 347 398 100 440 446 403 87 121 280 449 340 334 438 114 213 339 161 408 212 197 246 278 361 400 2 501 273 279 297 254 466 357 197 455 194 271 334 329 389 126 487 301 166 297 307 511 220 39 435 160 447 468 123 164 216 96 403 583 392 417 551 466 487 264 385 315 280 269 336 285 559 359 459 482 518 521 173 550 485 319 230 219 536 498 233 379 225 107 338 540 237 190 188 288 297 372 251 106 135 385 293 307 283 274 72 302 128 546 158 214 496 114 566 249 337 270 399 534 536 22 45 380 0 357 310 243 
770 368 688 638 740 334 700 663 313 643 46 217 511 419 474 482 83 630 404 364 558 682 309 194 397 556 299 299 413 682 341 314 502 734 598 97 337 293 146 218 197 305 284 553 600 417 320 705 357 504 331 538 218 428 502 511 161 482 499 109 88 669 686 481 558 94 295 639 113 480 574 394 741 449 581 768 400 489 530 429 403 832 501 684 637 446 775 587 652 439 614 445 579 600 802 635 664 759 425 727 201 482 757 676 474 553 773 458 318 371 482 452 652 451 594 209 203 171 634 295 559 409 403 621 644 537 121 623 293 55 342 580 444 383 480 446 551 390 256 189 458 645 731 339 383 557 357 0 657 600 
270 607 83 140 373 672 266 252 637 124 656 489 289 238 193 205 637 500 642 471 103 43 352 518 471 392 401 645 584 219 370 353 281 236 237 613 623 369 511 573 463 604 425 161 167 375 541 168 309 591 443 228 533 338 544 379 500 544 181 579 616 35 178 215 525 610 389 231 584 625 173 271 186 336 441 221 267 173 150 228 536 385 440 248 552 587 257 103 234 397 254 337 258 115 376 210 363 270 673 399 458 679 281 132 258 252 368 623 417 529 241 255 120 686 124 460 497 546 248 569 144 252 358 284 29 273 562 194 381 603 330 596 233 345 604 280 651 371 552 577 488 516 425 331 303 361 310 657 0 113 
379 615 194 52 468 670 364 342 634 218 606 461 177 201 188 220 568 565 655 480 80 105 313 488 489 448 319 639 602 317 283 321 323 342 310 571 625 330 456 553 404 601 407 55 56 395 542 275 243 626 442 280 511 358 581 425 440 578 197 511 572 147 280 124 575 540 364 130 543 653 59 206 297 229 500 333 248 166 179 189 554 492 482 343 614 612 366 165 323 424 147 363 325 189 480 296 445 377 688 490 410 703 387 80 284 138 469 647 409 541 268 161 218 704 11 420 421 515 144 564 195 225 257 362 85 327 520 91 310 545 306 645 230 349 633 181 690 381 539 495 519 582 514 262 223 419 243 600 113 0 
